0  ::  3
1  ::  4
2  ::  2
3  ::  2
4  ::  1
5  ::  2
6  ::  3
7  ::  3
8  ::  3
9  ::  4
10  ::  3
11  ::  1
12  ::  1
13  ::  4
14  ::  6
15  ::  4
16  ::  3
17  ::  5
18  ::  4
19  ::  2
20  ::  5
21  ::  3
22  ::  1
23  ::  2
24  ::  3
25  ::  2
26  ::  2
27  ::  3
28  ::  3
29  ::  5
30  ::  3
31  ::  1
32  ::  2
33  ::  5
34  ::  3
35  ::  1
36  ::  4
37  ::  6
38  ::  4
39  ::  1
40  ::  4
41  ::  3
42  ::  3
43  ::  4
44  ::  2
45  ::  6
46  ::  1
47  ::  3
48  ::  1
49  ::  1
50  ::  4
51  ::  5
52  ::  2
53  ::  1
54  ::  4
55  ::  1
56  ::  1
57  ::  5
58  ::  1
59  ::  3
60  ::  1
61  ::  2
MaxNeed algo finish solution size ::  25
Solution size ::  25
38 46 15 14 2 21 30 18 41 43 58 25 44 31 52 9 3 34 28 7 35 1 33 37 39 
colors :: 
Colors[1] = 1	10	14	15	40	42	47	
Colors[2] = 1	17	19	26	27	28	36	41	54	
Colors[3] = 1	10	42	44	61	
Colors[4] = 1	8	14	59	
Colors[5] = 1	51	
Colors[6] = 1	9	13	56	57	
Colors[7] = 1	9	13	17	54	56	57	
Colors[8] = 1	19	27	30	40	54	
Colors[9] = 1	3	20	28	37	45	59	
Colors[10] = 1	5	6	13	17	32	41	57	
Colors[11] = 1	0	2	29	42	47	
Colors[12] = 1	51	
Colors[13] = 1	33	
Colors[14] = 1	5	6	9	17	32	41	54	57	
Colors[15] = 1	0	3	16	24	33	34	37	38	40	43	50	52	
Colors[16] = 1	0	18	24	40	45	55	59	
Colors[17] = 1	14	20	33	37	38	50	
Colors[18] = 1	1	6	9	13	22	25	27	31	57	
Colors[19] = 1	15	20	21	24	29	45	51	
Colors[20] = 1	1	7	30	54	
Colors[21] = 1	8	16	18	28	36	38	44	47	50	
Colors[22] = 1	18	29	33	37	45	51	
Colors[23] = 1	17	
Colors[24] = 1	36	45	51	
Colors[25] = 1	14	15	18	29	45	51	
Colors[26] = 1	17	26	27	
Colors[27] = 1	1	25	27	
Colors[28] = 1	1	7	17	25	26	
Colors[29] = 1	1	8	20	30	47	
Colors[30] = 1	10	18	21	24	35	43	45	51	52	
Colors[31] = 1	7	19	28	42	47	
Colors[32] = 1	17	
Colors[33] = 1	9	13	60	
Colors[34] = 1	12	14	16	21	34	37	38	40	43	50	
Colors[35] = 1	14	33	37	44	49	
Colors[36] = 1	29	
Colors[37] = 1	1	20	23	37	39	40	59	
Colors[38] = 1	8	14	16	21	33	34	36	40	43	45	61	
Colors[39] = 1	14	16	20	33	43	44	52	58	
Colors[40] = 1	36	57	
Colors[41] = 1	0	7	14	15	33	36	37	52	
Colors[42] = 1	1	9	13	54	57	
Colors[43] = 1	0	2	10	30	47	50	
Colors[44] = 1	14	29	33	37	38	46	53	
Colors[45] = 1	2	20	34	38	
Colors[46] = 1	8	15	18	21	23	24	29	37	50	51	59	
Colors[47] = 1	43	49	
Colors[48] = 1	0	10	20	28	30	42	
Colors[49] = 1	57	
Colors[50] = 1	34	46	
Colors[51] = 1	14	16	20	33	42	45	51	
Colors[52] = 1	4	11	18	21	23	24	29	45	50	55	
Colors[53] = 1	14	29	38	40	
Colors[54] = 1	43	61	
Colors[55] = 1	1	6	7	13	19	41	57	
Colors[56] = 1	15	51	
Colors[57] = 1	5	6	
Colors[58] = 1	5	6	9	13	17	39	41	48	54	
Colors[59] = 1	38	
Colors[60] = 1	3	8	15	36	45	
Colors[61] = 1	32	
Colors[62] = 1	2	37	53	

0  ::  0
1  ::  0
2  ::  0
3  ::  0
4  ::  0
5  ::  0
6  ::  0
7  ::  0
8  ::  0
9  ::  0
10  ::  0
11  ::  0
12  ::  0
13  ::  0
14  ::  0
15  ::  0
16  ::  0
17  ::  0
18  ::  0
19  ::  0
20  ::  0
21  ::  0
22  ::  0
23  ::  0
24  ::  0
25  ::  0
26  ::  0
27  ::  0
28  ::  0
29  ::  0
30  ::  0
31  ::  0
32  ::  0
33  ::  0
34  ::  0
35  ::  0
36  ::  0
37  ::  0
38  ::  0
39  ::  0
40  ::  0
41  ::  0
42  ::  0
43  ::  0
44  ::  0
45  ::  0
46  ::  0
47  ::  0
48  ::  0
49  ::  0
50  ::  0
51  ::  0
52  ::  0
53  ::  0
54  ::  0
55  ::  0
56  ::  0
57  ::  0
58  ::  0
59  ::  0
60  ::  0
61  ::  0
