0  ::  6
1  ::  6
2  ::  6
3  ::  6
4  ::  6
5  ::  6
6  ::  6
7  ::  6
8  ::  6
9  ::  6
10  ::  5
11  ::  5
12  ::  5
13  ::  6
14  ::  5
15  ::  6
16  ::  6
17  ::  6
18  ::  6
19  ::  6
20  ::  6
21  ::  6
22  ::  6
23  ::  6
24  ::  5
25  ::  6
26  ::  5
27  ::  6
28  ::  5
29  ::  6
30  ::  6
31  ::  6
32  ::  6
33  ::  5
34  ::  6
35  ::  6
36  ::  4
37  ::  6
38  ::  6
39  ::  6
40  ::  6
41  ::  5
42  ::  4
43  ::  6
44  ::  6
45  ::  6
46  ::  6
47  ::  6
48  ::  6
49  ::  6
50  ::  5
51  ::  6
52  ::  5
53  ::  6
54  ::  5
55  ::  6
56  ::  5
57  ::  5
58  ::  5
59  ::  4
60  ::  6
61  ::  6
62  ::  6
63  ::  5
64  ::  6
65  ::  6
66  ::  6
67  ::  6
68  ::  6
69  ::  6
70  ::  6
71  ::  5
72  ::  6
73  ::  6
74  ::  6
75  ::  5
76  ::  6
77  ::  6
78  ::  6
79  ::  6
80  ::  6
81  ::  6
82  ::  6
83  ::  6
84  ::  6
85  ::  5
86  ::  6
87  ::  6
88  ::  6
89  ::  6
90  ::  5
91  ::  6
92  ::  6
93  ::  5
94  ::  5
95  ::  5
96  ::  5
97  ::  4
98  ::  6
99  ::  5
100  ::  6
101  ::  5
102  ::  5
103  ::  5
104  ::  6
105  ::  5
106  ::  6
107  ::  5
108  ::  5
109  ::  6
110  ::  6
111  ::  6
112  ::  5
113  ::  5
114  ::  6
MaxNeed algo finish solution size ::  56
Solution size ::  56
8 3 54 1 80 63 6 92 39 16 90 52 66 68 35 82 7 45 25 77 10 38 103 32 112 89 31 21 58 40 4 13 105 64 78 70 62 2 81 49 61 50 114 20 79 41 107 27 99 48 17 98 83 110 9 19 
colors :: 
Colors[1] = 1	1	4	9	16	23	33	35	41	65	90	93	104	
Colors[2] = 1	0	25	27	33	37	45	57	89	101	103	105	109	
Colors[3] = 1	3	6	13	14	15	47	60	64	72	74	100	106	
Colors[4] = 1	2	5	11	26	40	52	58	72	74	81	84	102	
Colors[5] = 1	0	5	9	16	23	28	41	69	93	104	108	
Colors[6] = 1	3	4	10	11	52	74	81	84	90	97	98	107	
Colors[7] = 1	2	7	32	39	47	55	58	60	64	85	100	106	
Colors[8] = 1	6	8	21	22	40	68	73	77	78	82	108	111	
Colors[9] = 1	7	9	21	22	41	51	68	77	78	90	111	
Colors[10] = 1	0	4	8	16	22	23	41	64	93	104	108	
Colors[11] = 1	5	11	60	72	74	81	84	98	102	107	
Colors[12] = 1	3	5	10	24	28	50	69	90	97	104	
Colors[13] = 1	13	14	17	18	26	34	36	38	43	85	
Colors[14] = 1	2	12	15	32	39	45	60	64	100	106	110	
Colors[15] = 1	2	12	15	26	38	43	54	71	85	99	
Colors[16] = 1	2	13	14	32	39	47	60	68	92	100	106	114	
Colors[17] = 1	0	4	9	17	23	38	41	67	81	93	104	
Colors[18] = 1	12	16	20	27	58	62	65	87	95	96	113	
Colors[19] = 1	12	19	31	34	36	38	42	54	61	71	99	
Colors[20] = 1	18	29	30	33	35	36	44	55	79	94	101	
Colors[21] = 1	17	21	36	62	65	70	75	76	87	96	113	
Colors[22] = 1	7	8	20	22	32	46	51	68	77	108	111	
Colors[23] = 1	7	8	9	21	23	47	51	68	77	78	108	
Colors[24] = 1	0	4	9	16	22	41	78	90	93	104	111	
Colors[25] = 1	11	25	28	50	66	69	84	87	90	110	
Colors[26] = 1	1	24	33	37	45	53	89	103	105	106	109	
Colors[27] = 1	3	12	14	27	34	38	42	43	61	85	
Colors[28] = 1	1	17	26	56	62	63	65	70	76	95	96	
Colors[29] = 1	4	11	24	38	50	69	78	90	113	
Colors[30] = 1	19	30	35	42	55	79	80	82	91	94	101	
Colors[31] = 1	19	29	35	44	50	55	79	82	94	101	109	
Colors[32] = 1	18	32	34	43	54	55	61	71	79	85	99	
Colors[33] = 1	6	13	15	21	31	39	47	49	64	100	106	
Colors[34] = 1	0	1	19	25	37	45	89	103	105	109	
Colors[35] = 1	12	18	26	31	35	42	54	61	71	94	99	
Colors[36] = 1	0	19	29	30	34	44	55	79	92	94	101	
Colors[37] = 1	12	18	19	20	37	43	58	59	
Colors[38] = 1	1	25	33	36	45	80	89	95	103	105	109	
Colors[39] = 1	12	14	16	18	26	28	39	43	54	71	85	
Colors[40] = 1	6	13	15	32	38	47	54	60	82	100	106	
Colors[41] = 1	3	7	41	51	52	72	74	81	98	102	107	
Colors[42] = 1	0	4	8	9	16	23	40	67	93	104	
Colors[43] = 1	18	26	29	34	43	57	63	
Colors[44] = 1	12	14	26	31	36	38	42	61	70	79	85	
Colors[45] = 1	19	30	35	45	48	57	66	75	86	91	112	
Colors[46] = 1	1	13	25	33	37	44	62	89	103	105	109	
Colors[47] = 1	21	47	49	53	67	73	83	88	110	111	114	
Colors[48] = 1	2	6	15	22	32	39	46	60	61	64	100	
Colors[49] = 1	44	49	53	57	66	75	86	91	92	96	98	
Colors[50] = 1	32	46	48	53	67	73	83	84	88	110	114	
Colors[51] = 1	11	24	28	30	51	68	69	78	90	
Colors[52] = 1	8	21	22	40	50	68	77	78	101	108	111	
Colors[53] = 1	3	5	40	53	72	74	84	98	102	112	
Colors[54] = 1	25	46	48	49	52	67	73	83	86	88	110	114	
Colors[55] = 1	14	18	31	34	38	39	55	61	71	99	
Colors[56] = 1	6	19	29	30	31	35	54	79	89	94	101	
Colors[57] = 1	27	57	62	65	70	76	87	95	96	106	
Colors[58] = 1	1	42	44	48	56	75	86	91	92	112	
Colors[59] = 1	3	6	17	36	59	63	88	97	101	114	
Colors[60] = 1	36	58	60	63	66	76	97	113	
Colors[61] = 1	2	6	10	13	15	39	47	59	64	71	106	
Colors[62] = 1	18	26	31	34	43	47	54	62	71	92	99	
Colors[63] = 1	17	20	27	45	56	61	70	76	87	95	105	
Colors[64] = 1	27	42	58	59	64	65	97	109	112	
Colors[65] = 1	2	6	9	13	32	47	60	63	100	106	111	
Colors[66] = 1	0	17	20	27	56	63	66	70	87	96	113	
Colors[67] = 1	24	44	48	59	65	75	76	86	91	92	112	
Colors[68] = 1	16	41	46	49	53	68	73	83	88	104	110	114	
Colors[69] = 1	7	8	15	21	22	50	51	67	78	108	111	
Colors[70] = 1	4	11	24	28	50	70	83	88	90	91	95	
Colors[71] = 1	20	27	43	56	62	65	69	76	95	103	113	
Colors[72] = 1	14	18	31	34	38	54	60	61	72	99	
Colors[73] = 1	2	3	10	40	52	71	74	81	102	104	107	
Colors[74] = 1	7	46	49	53	67	74	77	83	88	110	114	
Colors[75] = 1	2	3	5	10	40	52	72	73	82	84	102	
Colors[76] = 1	20	44	48	57	66	76	86	92	107	112	
Colors[77] = 1	20	27	56	59	62	66	70	75	95	96	113	
Colors[78] = 1	7	8	21	22	51	73	78	82	98	108	111	
Colors[79] = 1	7	8	22	23	28	50	51	68	77	108	111	
Colors[80] = 1	19	29	30	31	35	43	55	80	94	101	109	
Colors[81] = 1	29	37	79	82	85	86	91	93	94	105	110	
Colors[82] = 1	3	5	10	16	40	72	82	83	84	98	107	
Colors[83] = 1	7	29	30	39	74	77	80	81	93	94	100	
Colors[84] = 1	46	49	53	67	69	73	81	84	88	110	114	
Colors[85] = 1	3	5	10	24	49	52	74	81	83	98	107	
Colors[86] = 1	6	12	14	26	31	38	43	80	99	
Colors[87] = 1	44	48	53	57	66	75	80	87	91	92	97	
Colors[88] = 1	17	20	24	56	62	65	86	95	96	104	113	
Colors[89] = 1	46	49	53	58	67	69	73	83	89	107	110	114	
Colors[90] = 1	1	25	33	37	45	55	88	99	103	105	109	
Colors[91] = 1	0	5	8	11	23	24	28	50	69	
Colors[92] = 1	29	44	48	57	66	69	80	86	92	93	112	
Colors[93] = 1	15	35	48	57	61	66	75	86	91	106	112	
Colors[94] = 1	0	4	9	16	23	41	80	82	91	104	
Colors[95] = 1	19	29	30	34	35	55	79	80	82	101	
Colors[96] = 1	17	27	37	56	62	69	70	76	87	113	
Colors[97] = 1	17	20	27	48	56	65	76	87	112	113	
Colors[98] = 1	5	11	58	59	63	86	98	112	
Colors[99] = 1	5	10	40	48	52	77	81	84	97	102	107	
Colors[100] = 1	14	18	31	34	54	61	71	85	89	100	
Colors[101] = 1	2	6	13	15	32	39	47	64	82	99	102	
Colors[102] = 1	1	19	29	30	35	51	55	58	79	94	
Colors[103] = 1	3	10	40	52	72	74	98	100	103	107	
Colors[104] = 1	1	25	33	37	45	70	89	102	105	109	
Colors[105] = 1	0	4	9	11	16	23	41	67	72	87	93	114	
Colors[106] = 1	1	25	33	37	45	62	80	89	103	109	
Colors[107] = 1	2	6	13	15	25	32	39	56	60	64	92	
Colors[108] = 1	5	10	40	72	75	81	84	88	98	102	
Colors[109] = 1	4	7	9	21	22	51	68	77	78	111	
Colors[110] = 1	1	25	30	33	37	45	63	79	89	103	105	
Colors[111] = 1	13	24	46	49	53	67	73	80	83	88	114	
Colors[112] = 1	7	8	21	23	46	51	64	68	77	78	108	
Colors[113] = 1	44	52	57	63	66	75	91	92	96	97	
Colors[114] = 1	17	20	28	59	65	70	76	87	95	96	
Colors[115] = 1	15	46	49	53	58	67	73	83	88	104	110	

0  ::  0
1  ::  0
2  ::  0
3  ::  0
4  ::  0
5  ::  0
6  ::  0
7  ::  0
8  ::  0
9  ::  0
10  ::  0
11  ::  0
12  ::  0
13  ::  0
14  ::  0
15  ::  0
16  ::  0
17  ::  0
18  ::  0
19  ::  0
20  ::  0
21  ::  0
22  ::  0
23  ::  0
24  ::  0
25  ::  0
26  ::  0
27  ::  0
28  ::  0
29  ::  0
30  ::  0
31  ::  0
32  ::  0
33  ::  0
34  ::  0
35  ::  0
36  ::  0
37  ::  0
38  ::  0
39  ::  0
40  ::  0
41  ::  0
42  ::  0
43  ::  0
44  ::  0
45  ::  0
46  ::  0
47  ::  0
48  ::  0
49  ::  0
50  ::  0
51  ::  0
52  ::  0
53  ::  0
54  ::  0
55  ::  0
56  ::  0
57  ::  0
58  ::  0
59  ::  0
60  ::  0
61  ::  0
62  ::  0
63  ::  0
64  ::  0
65  ::  0
66  ::  0
67  ::  0
68  ::  0
69  ::  0
70  ::  0
71  ::  0
72  ::  0
73  ::  0
74  ::  0
75  ::  0
76  ::  0
77  ::  0
78  ::  0
79  ::  0
80  ::  0
81  ::  0
82  ::  0
83  ::  0
84  ::  0
85  ::  0
86  ::  0
87  ::  0
88  ::  0
89  ::  0
90  ::  0
91  ::  0
92  ::  0
93  ::  0
94  ::  0
95  ::  0
96  ::  0
97  ::  0
98  ::  0
99  ::  0
100  ::  0
101  ::  0
102  ::  0
103  ::  0
104  ::  0
105  ::  0
106  ::  0
107  ::  0
108  ::  0
109  ::  0
110  ::  0
111  ::  0
112  ::  0
113  ::  0
114  ::  0
