143
623
1 2
1 47
1 33
1 48
1 36
1 62
1 53
1 63
1 49
1 64
1 65
1 66
1 67
1 11
1 68
1 69
1 70
1 71
1 51
1 72
1 73
1 74
1 75
1 76
1 32
1 77
1 78
1 52
1 41
1 79
2 3
3 22
3 47
3 55
3 21
3 10
3 49
3 11
3 56
3 57
3 14
3 32
3 16
3 93
3 125
3 17
3 117
4 5
4 18
4 6
4 7
4 19
4 10
4 12
4 13
4 14
4 15
4 16
4 17
5 6
5 7
5 8
5 9
5 10
5 11
5 12
5 13
5 14
5 15
5 16
5 17
6 18
6 80
6 7
6 8
6 19
6 9
6 10
6 11
6 20
6 13
6 14
6 15
6 16
6 17
7 18
7 80
7 8
7 19
7 9
7 10
7 20
7 12
7 13
7 14
7 15
7 61
7 16
7 17
8 18
8 80
8 10
8 11
8 14
8 15
8 17
9 18
9 80
9 20
9 13
9 14
9 15
9 16
9 17
10 18
10 80
10 21
10 19
10 11
10 56
10 12
10 13
10 14
10 16
10 93
10 17
11 80
11 21
11 64
11 69
11 70
11 14
11 37
11 107
11 45
11 108
11 75
11 78
11 16
11 17
12 80
12 19
12 91
12 56
12 13
12 58
12 113
12 90
12 101
12 16
12 17
13 80
13 19
13 28
13 14
13 15
13 113
13 101
13 16
13 17
14 18
14 80
14 19
14 20
14 15
14 17
15 18
15 20
15 17
16 18
16 55
16 80
16 19
16 42
16 30
16 58
16 37
16 17
17 18
17 19
17 20
18 20
19 90
21 22
21 55
21 82
21 56
21 30
21 57
21 45
21 32
21 83
21 84
21 85
23 24
23 25
23 28
23 29
23 42
23 43
23 31
23 37
23 38
23 44
23 45
23 46
24 25
24 26
24 27
24 28
24 29
24 30
24 31
24 32
25 27
25 53
25 28
25 29
25 43
25 31
25 38
25 32
25 46
26 55
26 27
26 28
26 56
26 30
26 58
26 32
26 61
26 52
27 55
27 28
27 42
27 30
27 37
27 45
27 32
27 46
28 29
28 42
28 43
28 31
28 99
28 107
28 32
28 116
28 54
28 46
29 53
29 42
29 43
29 31
29 38
29 46
30 55
30 56
30 50
30 58
30 37
30 32
30 111
30 117
31 53
31 42
31 43
31 74
31 116
31 46
32 48
32 98
32 49
32 67
32 92
32 112
32 56
32 106
32 50
32 43
32 120
32 71
32 57
32 37
32 72
32 99
32 44
32 81
32 45
32 74
32 127
32 75
32 122
32 61
32 83
32 110
32 113
32 100
32 52
32 90
32 101
32 46
32 111
33 34
33 35
33 53
33 49
33 37
33 41
33 54
34 35
34 36
34 37
34 38
35 53
35 49
35 37
35 38
36 62
36 64
36 69
36 70
36 52
36 41
37 53
37 49
37 43
37 120
37 38
37 118
37 115
37 126
37 54
38 53
38 42
38 43
38 104
38 74
38 127
38 116
38 54
38 46
39 40
39 42
39 123
39 128
39 136
39 118
39 74
39 115
39 41
40 41
41 47
41 48
41 53
41 70
41 51
41 44
41 74
41 108
41 103
41 76
41 141
41 143
42 118
42 119
42 46
43 53
43 49
43 107
43 74
43 52
43 54
44 92
44 45
44 83
44 113
45 87
45 82
45 67
45 57
45 73
45 61
45 83
45 129
45 89
45 52
45 79
45 111
47 48
47 49
47 50
47 51
47 52
48 51
48 81
49 53
49 63
49 65
49 103
49 77
49 54
50 98
50 67
50 56
50 120
50 121
50 99
50 113
50 100
50 90
50 101
50 111
51 64
51 69
51 124
52 66
52 67
52 81
52 74
52 122
52 141
52 111
53 65
53 67
53 68
53 94
53 54
53 95
54 104
54 78
54 116
55 56
55 57
55 58
56 98
56 57
56 61
56 113
56 90
56 111
56 117
57 112
57 90
57 101
57 93
57 117
58 90
58 101
58 117
59 60
59 130
59 133
59 84
59 134
59 119
59 135
59 93
59 95
61 98
61 113
61 100
61 101
62 68
62 70
63 64
63 69
63 70
63 102
64 65
64 66
64 69
64 70
65 70
66 104
66 70
66 76
66 77
66 78
67 98
67 106
67 71
67 99
67 107
67 74
67 108
67 103
67 75
67 94
67 109
67 110
67 111
68 70
69 70
69 76
69 77
70 76
70 77
70 78
71 74
71 75
71 78
72 98
72 102
72 103
72 77
73 99
73 74
73 77
73 129
73 89
74 114
74 120
74 123
74 136
74 103
74 75
74 122
74 115
74 109
74 110
74 113
74 111
75 99
75 107
75 108
75 94
75 109
75 113
76 81
76 108
76 141
76 78
77 103
77 142
77 89
78 120
78 124
78 118
78 122
78 126
79 139
81 107
82 91
83 87
83 88
83 142
84 139
84 134
84 119
85 93
86 87
86 96
86 89
87 88
87 89
88 129
89 96
89 142
90 91
90 98
90 113
90 100
90 101
90 117
91 92
92 99
93 134
93 125
94 109
94 110
95 131
95 130
95 137
95 132
95 134
95 119
95 135
96 97
97 105
98 99
98 100
98 101
99 108
99 103
99 109
99 111
100 112
100 113
100 117
101 113
103 114
103 138
103 109
103 110
107 124
107 108
107 109
108 109
108 141
109 138
110 120
110 122
111 113
111 117
112 113
113 117
114 115
118 122
119 131
119 130
119 140
119 132
119 134
120 122
122 124
122 126
129 142
130 131
130 133
130 134
131 132
141 143
