1882
1740
1 2
1 60
1 142
1 1136
3 4
5 6
5 7
5 8
5 154
5 195
5 403
5 430
5 185
5 685
5 919
5 1065
5 1254
5 1327
5 1556
5 1828
7 420
7 1593
7 1653
7 1780
8 129
8 282
8 632
8 633
8 1430
9 10
9 11
9 12
9 841
9 1529
11 336
12 337
13 14
13 15
13 429
13 534
13 610
13 782
13 1081
13 1240
13 1518
13 1770
13 1862
14 261
14 853
14 1782
16 17
16 18
16 228
16 312
16 784
16 893
16 1006
16 1300
16 1311
16 1392
16 1418
16 1841
16 1850
18 166
18 286
18 250
18 740
18 1836
19 20
19 21
19 1232
19 1710
19 1717
19 1842
21 246
21 247
21 107
21 296
21 392
21 620
21 675
21 851
21 934
21 990
21 1132
21 1194
21 1288
21 1456
21 1494
21 1574
21 1663
21 1670
22 23
22 24
22 144
22 72
22 595
22 1479
23 198
23 750
24 206
24 243
24 313
24 314
24 295
24 300
24 565
24 676
24 217
24 557
24 741
24 1070
24 1627
25 26
25 27
25 50
25 104
25 124
25 127
25 153
25 181
25 212
25 218
25 327
25 678
25 376
25 764
25 974
25 1040
25 1061
25 1079
25 1263
25 1343
25 1415
25 1521
25 1535
25 1585
26 1116
27 173
27 442
27 1626
28 29
28 30
28 31
28 32
28 326
28 371
28 372
28 590
28 591
28 682
28 999
28 1149
28 1182
28 1517
28 1624
28 1719
28 1750
28 1751
28 1821
28 1872
28 1882
30 149
31 116
31 168
31 169
31 245
31 272
31 66
31 404
31 436
31 651
31 890
31 894
31 461
31 1021
31 1196
31 1201
31 1227
31 1244
31 1474
31 1503
31 1582
32 108
32 382
32 398
32 263
32 574
32 586
32 596
32 604
32 856
32 1247
32 1703
32 1752
32 1759
32 1768
32 1876
33 34
33 102
33 186
33 571
33 1222
33 1455
33 1550
33 1749
35 36
35 37
37 248
38 39
38 40
38 1681
39 1129
40 158
40 978
41 42
41 43
42 79
43 872
44 45
44 46
44 1475
44 1677
46 248
46 1651
46 1659
47 48
47 49
47 165
47 222
47 254
47 526
47 602
47 618
47 628
47 693
47 959
47 963
47 1337
47 1397
47 1524
47 1811
47 1844
50 51
50 797
50 1083
50 1265
52 53
53 126
53 341
53 250
53 983
53 1537
53 1577
54 55
54 56
56 1489
57 58
57 59
57 1843
59 147
59 617
59 757
60 61
60 203
60 329
60 611
60 631
60 800
60 951
60 1044
60 1270
60 1375
60 1484
60 1548
62 63
62 1400
64 65
64 66
64 340
64 96
64 421
64 550
64 554
64 1384
64 1398
64 1437
64 1470
64 1683
64 1772
66 475
66 631
66 722
66 1095
66 1270
66 1316
67 68
67 69
68 817
68 1669
69 204
69 205
69 434
69 736
69 763
69 832
69 838
69 909
69 1331
69 1855
70 71
70 72
70 1723
71 1569
72 428
72 465
72 466
72 501
72 511
72 907
72 1128
72 1332
73 74
73 75
73 367
73 1527
73 1584
73 1604
73 1833
75 881
75 348
75 1167
75 1781
76 77
76 78
76 264
76 523
76 1173
76 1543
76 1713
79 80
79 134
79 170
79 211
79 522
79 810
79 816
79 1176
79 1342
79 1561
79 1629
79 1728
79 1741
81 82
81 83
83 129
84 85
84 86
84 560
84 1661
84 1779
84 1788
86 491
86 887
86 506
86 1488
87 88
88 232
88 656
89 90
90 1509
91 92
91 93
91 917
91 1090
91 1186
91 1297
91 1433
91 1643
91 1676
91 1785
91 1802
93 350
94 95
94 96
94 455
94 1354
95 1355
97 98
99 100
99 101
99 944
101 1234
101 1435
102 103
102 1089
104 304
105 106
105 107
105 910
105 1365
105 1439
107 676
107 1012
107 1092
107 1447
107 1496
107 1549
107 1705
107 1727
107 1754
108 109
108 592
108 1075
108 1696
110 111
110 112
110 1279
112 1039
113 114
113 115
113 638
113 973
113 1359
115 418
115 433
115 654
116 117
118 119
118 120
118 475
118 525
118 772
118 1069
121 122
121 123
121 1336
121 1665
124 125
124 1302
124 1678
124 1880
127 128
129 130
129 233
129 361
129 629
129 918
129 1181
129 1349
129 1645
129 1834
129 1859
131 132
131 133
131 407
132 769
132 1264
133 1123
134 135
134 176
136 137
136 138
136 1621
138 387
138 1801
139 140
139 141
139 419
139 547
139 567
139 620
139 779
139 863
139 1670
139 1778
141 338
141 339
141 351
141 457
141 667
141 807
141 837
141 859
141 873
141 936
141 1401
141 1432
141 1473
141 1760
142 143
142 642
142 761
142 799
142 980
142 1048
142 1416
142 1468
142 1500
142 1164
142 1846
142 1854
143 1762
144 767
145 146
145 1881
147 148
147 1272
147 1361
147 1467
147 1578
147 1647
147 1675
147 1693
147 1858
150 151
150 1459
151 152
151 202
151 1685
153 1294
153 1602
153 1636
153 1825
154 155
154 309
156 157
156 827
156 1086
156 1616
156 1617
158 159
160 161
161 283
161 318
161 519
161 688
161 1104
161 1120
161 1282
161 1441
161 1798
161 1873
162 163
162 164
162 178
163 177
165 585
166 167
166 335
166 612
166 623
166 717
166 1362
166 1394
166 1511
166 1526
166 1837
169 605
171 172
172 1285
172 1714
173 174
173 175
173 735
173 1140
173 1281
173 1406
173 1592
175 220
175 221
175 342
175 537
175 698
175 809
175 1287
175 1729
177 178
179 180
179 1656
181 182
181 317
181 396
181 598
181 692
181 778
181 842
181 1566
181 1644
183 184
183 185
183 1454
183 1477
183 1493
186 423
186 1671
187 188
187 189
187 308
187 1635
189 270
189 271
189 448
189 528
189 548
189 576
189 607
189 653
189 689
189 713
189 818
189 861
189 862
189 900
189 932
189 938
189 950
189 954
189 964
189 995
189 1029
189 1042
189 1049
189 1054
189 1119
189 1144
189 1246
189 1248
189 1322
189 1333
189 1348
189 1425
189 1431
189 1442
189 1515
189 1531
189 1534
189 1541
189 1571
189 1603
189 1605
189 1667
189 1716
189 1720
189 1849
190 191
192 193
192 194
192 259
192 1464
192 1707
194 912
194 913
194 1803
196 197
196 198
196 606
196 1242
196 1572
196 1712
196 1740
196 1805
198 624
198 660
198 1280
198 1380
198 1426
198 1507
198 1673
198 1690
198 1847
199 200
199 201
201 431
201 432
201 815
201 1000
203 1171
205 751
206 207
206 227
206 453
206 487
206 766
206 789
206 729
206 1235
206 1417
208 209
208 210
208 397
208 566
208 1261
208 1622
208 1658
210 291
211 1082
211 1761
212 213
212 214
212 1612
213 1487
214 446
214 298
215 216
215 217
215 535
215 822
215 1664
218 219
218 546
218 765
221 1175
222 223
222 648
222 771
222 870
222 981
222 1404
222 1861
224 225
224 226
224 702
224 925
224 1076
224 1118
224 1208
224 1255
224 1411
224 1514
224 1533
224 1598
224 1877
229 230
229 231
229 1568
229 1662
231 1237
231 1702
233 1649
234 235
234 236
235 259
235 1289
236 517
236 518
236 783
236 1391
236 1704
236 1866
237 238
237 239
237 306
237 1102
238 848
239 929
239 1179
240 241
240 242
240 657
240 812
240 1485
242 1352
243 244
243 892
243 960
243 1307
243 1648
243 1672
246 745
246 1508
247 451
247 1601
247 1737
247 1793
248 249
248 250
248 1207
248 1466
248 1513
248 1542
248 1790
250 315
250 440
251 252
251 253
251 1103
252 814
254 255
254 1269
256 257
257 258
259 260
259 289
259 541
259 791
259 836
259 977
259 1030
259 1093
259 1145
259 1241
259 1256
259 1399
259 1403
259 1423
259 1427
262 263
265 266
265 267
265 314
267 1321
268 269
269 1509
269 1567
269 1807
272 273
272 804
272 1043
272 1595
272 1680
274 275
274 276
276 449
276 450
276 1170
276 1197
276 1588
277 278
277 279
277 1271
279 986
280 281
280 282
280 1476
280 1819
282 297
282 486
282 796
282 1026
282 1168
282 1427
282 1552
282 1597
282 1623
284 285
287 288
288 328
290 291
290 292
291 780
293 294
293 295
293 311
298 299
298 300
298 373
298 718
298 851
298 906
298 1236
298 1291
300 527
301 302
301 303
304 305
306 307
306 587
306 1041
306 1101
306 1445
306 1699
306 1765
306 1845
307 1041
307 1101
309 310
309 1525
313 386
313 1239
313 1283
313 1284
313 1528
313 1608
315 316
315 561
315 636
315 687
315 773
315 867
315 916
315 975
315 1045
315 1050
315 1051
315 1091
315 1356
315 1462
315 1551
315 1586
315 1613
315 1870
317 445
317 886
319 320
319 322
320 321
322 1243
323 324
323 325
324 364
325 1286
330 331
330 332
331 452
333 334
339 405
339 406
343 344
345 346
345 347
345 1429
348 349
348 350
348 826
348 880
348 1193
348 1296
348 1446
348 1688
350 354
350 625
350 953
350 1407
350 1414
350 1835
352 353
355 356
357 358
359 360
362 363
362 364
364 849
365 366
368 369
368 370
371 372
371 373
372 682
372 1719
373 1787
374 375
374 376
374 1129
374 1257
374 1506
374 1600
376 762
376 858
376 1165
376 1701
377 378
377 379
377 603
377 1094
379 1137
379 542
380 381
381 1124
381 1206
381 1371
381 1829
382 383
384 385
384 386
386 1387
387 388
387 1142
388 1516
389 390
389 391
392 393
392 514
392 662
392 795
392 976
392 1121
392 1655
392 1732
392 1762
393 394
394 395
394 1298
395 468
396 1869
398 399
398 997
400 401
400 402
400 1874
406 885
408 409
408 410
408 677
408 1159
408 1684
408 1822
411 412
411 413
412 594
414 415
416 417
416 418
417 456
417 725
417 1108
417 1328
417 1491
417 1519
417 1596
420 1027
421 422
424 425
424 426
424 427
424 545
424 786
424 1536
424 1554
424 1594
432 473
432 474
432 1035
434 435
434 864
434 957
434 1005
434 1087
434 1088
434 1177
434 1393
434 1478
434 1718
434 1786
434 1871
437 438
437 439
440 441
440 442
440 694
442 1860
442 1875
443 444
443 1148
443 1220
443 1228
443 1620
443 1687
446 447
446 533
446 835
446 1262
446 1700
450 988
452 1273
453 454
453 858
453 928
453 1625
453 1852
457 458
457 956
457 1134
457 1212
457 1360
457 1677
459 460
459 461
459 962
462 463
462 464
464 713
464 857
464 1501
464 1591
464 1650
466 467
466 1481
468 469
470 471
470 472
472 568
472 626
472 627
472 1077
472 1363
475 476
475 835
475 1767
475 1827
477 478
477 479
477 671
477 898
477 939
477 1202
477 1339
480 481
480 482
480 570
480 811
482 527
483 484
483 485
485 973
488 489
488 490
488 726
488 1562
490 952
491 492
491 1028
493 494
493 495
493 965
496 497
496 498
496 1614
496 1731
498 705
498 1011
498 1510
499 500
499 584
501 643
501 1618
502 503
502 504
502 505
502 622
502 661
502 1266
504 723
504 724
504 1187
504 1205
504 1744
504 1863
506 507
506 508
506 733
506 968
506 1071
506 1611
506 1783
509 510
510 559
510 904
510 1654
512 513
515 516
520 521
521 1191
521 1335
523 524
523 1677
528 529
528 1157
530 531
530 532
531 580
535 536
535 608
535 845
535 899
535 1249
535 1313
535 1345
535 1758
535 1816
536 1830
537 538
538 1169
539 540
542 543
542 544
542 558
542 911
542 952
542 987
542 1020
542 1238
544 930
548 549
551 552
551 553
551 777
551 1002
551 1117
551 1453
555 556
555 557
557 658
557 697
561 562
563 564
563 565
564 840
565 790
565 1606
568 569
568 792
568 1674
568 1725
572 573
573 825
574 575
574 1755
577 578
577 580
578 579
578 751
579 581
581 889
582 583
586 589
586 593
586 597
586 1111
586 1353
586 1721
587 588
587 1445
587 1756
594 595
595 1018
595 1096
595 1112
595 1216
599 600
599 601
599 982
599 1408
599 1637
599 1865
602 1469
604 634
604 871
608 609
609 1249
613 614
613 615
615 927
615 1820
615 1860
616 617
617 1402
618 619
618 1290
618 1810
620 621
620 664
620 1598
622 1195
622 1553
627 676
629 630
629 1290
629 1303
634 635
634 1025
634 1628
634 1736
634 1763
636 637
638 646
638 908
638 1066
639 640
640 641
640 711
640 868
640 940
640 1245
640 1390
644 645
644 1237
645 1209
645 1795
646 647
649 650
651 652
654 655
658 659
660 1314
660 1504
662 663
665 666
667 668
669 670
672 673
672 674
672 933
672 1502
674 676
675 676
676 803
676 1231
676 1402
679 680
679 681
679 1668
679 1804
681 746
683 684
684 937
685 686
690 691
692 1200
692 1233
695 696
697 1226
698 1141
699 700
700 701
700 1857
703 704
703 705
705 902
705 903
705 1047
705 1178
705 1217
705 1309
705 1413
705 1523
705 1634
705 1660
705 1686
705 1730
705 1742
706 707
706 708
707 1691
709 710
711 712
712 940
713 1583
714 715
714 716
714 1512
717 740
718 1107
719 720
719 721
723 1166
725 994
725 1538
726 1463
727 728
727 729
727 730
728 1055
729 1147
730 1068
731 732
732 1652
732 1789
733 734
737 738
738 739
738 884
740 996
740 1338
740 1558
741 742
742 969
743 744
747 748
747 1638
748 749
749 1638
752 753
752 754
752 1192
755 756
757 860
757 1434
758 759
758 760
760 989
767 768
767 847
767 1340
767 1522
769 770
769 1689
774 775
774 776
774 972
776 1036
776 1218
776 1771
776 1851
780 781
784 785
784 1320
784 1374
784 1657
784 1806
787 788
791 1072
791 1078
791 1461
792 793
792 794
792 1615
797 798
797 1038
799 923
799 1130
799 1422
801 802
801 803
801 1294
803 1225
803 1818
805 806
805 961
807 808
807 1800
811 1174
812 813
814 1599
819 820
819 821
819 1570
821 1245
823 824
823 1154
823 1799
826 1794
827 828
829 830
829 831
830 1098
831 1020
833 834
838 839
838 1158
843 844
845 846
849 850
851 852
851 1113
851 1325
854 855
859 922
859 1472
859 1666
865 866
866 1867
867 1341
868 869
868 1001
868 1436
868 1560
868 1573
871 1008
871 1630
874 875
874 876
874 877
874 924
874 931
874 1444
874 1812
878 879
878 880
880 1057
880 1299
882 883
882 884
882 1007
885 1379
887 888
887 947
889 1308
890 891
890 1685
894 895
896 897
900 901
904 905
904 1295
904 1706
908 1224
910 1019
910 1412
911 989
914 915
920 921
920 1797
925 926
925 1032
925 1190
925 1492
930 1100
932 1169
934 935
934 955
934 1060
934 1215
934 1773
941 942
941 943
941 1497
942 1330
945 946
948 949
948 1160
948 1223
948 1438
950 1334
950 1520
957 958
957 1856
963 1267
966 967
969 1694
970 971
973 1410
978 979
984 985
986 987
988 1143
991 992
991 993
993 1486
997 998
999 1719
1003 1004
1009 1010
1013 1014
1013 1015
1015 1035
1015 1471
1016 1017
1016 1018
1022 1023
1022 1024
1027 1156
1027 1221
1027 1746
1030 1031
1030 1778
1033 1034
1033 1185
1035 1312
1036 1037
1045 1046
1045 1424
1045 1715
1052 1053
1054 1135
1054 1633
1055 1056
1055 1409
1055 1769
1058 1059
1062 1063
1062 1064
1064 1172
1065 1411
1066 1067
1068 1138
1068 1139
1073 1074
1079 1080
1079 1131
1084 1085
1084 1086
1086 1097
1086 1383
1095 1450
1096 1726
1098 1099
1102 1301
1102 1753
1102 1757
1105 1106
1107 1108
1107 1274
1107 1735
1109 1110
1111 1738
1114 1115
1117 1146
1121 1122
1121 1490
1124 1125
1126 1127
1132 1133
1141 1268
1142 1448
1146 1147
1150 1151
1151 1639
1152 1153
1154 1155
1154 1366
1160 1161
1162 1163
1162 1164
1162 1557
1179 1180
1183 1184
1188 1189
1192 1419
1198 1199
1203 1204
1210 1211
1213 1214
1218 1219
1227 1315
1229 1230
1237 1238
1237 1260
1250 1251
1252 1253
1258 1259
1258 1260
1261 1344
1262 1449
1267 1268
1269 1270
1273 1286
1275 1276
1277 1278
1292 1293
1303 1304
1305 1306
1309 1310
1316 1317
1318 1319
1323 1324
1325 1326
1328 1329
1328 1505
1328 1764
1346 1347
1348 1724
1350 1351
1357 1358
1357 1359
1357 1495
1357 1734
1357 1743
1357 1784
1359 1458
1359 1745
1363 1364
1363 1405
1363 1848
1367 1368
1367 1711
1367 1791
1369 1370
1372 1373
1376 1377
1376 1378
1376 1619
1381 1382
1382 1532
1384 1385
1385 1386
1388 1389
1395 1396
1402 1428
1420 1421
1433 1679
1439 1440
1442 1443
1448 1559
1451 1452
1456 1815
1457 1458
1459 1460
1464 1465
1479 1480
1482 1483
1498 1499
1499 1817
1529 1530
1539 1540
1544 1545
1544 1853
1546 1547
1554 1555
1555 1689
1563 1564
1563 1565
1574 1692
1575 1576
1579 1580
1579 1581
1586 1587
1588 1796
1589 1590
1590 1682
1606 1607
1607 1608
1608 1766
1609 1610
1616 1617
1630 1733
1631 1632
1639 1640
1641 1642
1645 1646
1647 1826
1647 1864
1667 1668
1694 1695
1697 1698
1708 1709
1721 1722
1738 1739
1747 1748
1774 1775
1776 1777
1791 1792
1808 1809
1809 1868
1813 1814
1823 1824
1831 1832
1838 1839
1839 1840
1878 1879
