4271
8965
1 2
1 2800
1 2822
1 3139
1 3140
1 3141
1 3142
1 3143
1 1113
1 3145
1 3146
1 3147
1 3148
1 3149
1 408
1 3150
1 3151
1 3153
2 3
2 4
2 5
2 6
2 7
2 8
2 9
2 10
2 11
2 12
2 13
2 14
2 15
2 356
2 577
2 581
3 607
3 614
3 839
3 934
3 1006
3 1109
3 1817
3 2134
3 1442
3 1420
3 599
3 2853
3 2951
3 2962
3 786
3 601
3 4246
4 356
4 2129
5 607
5 782
5 797
5 839
5 934
5 1830
5 1480
5 2302
5 1469
5 2679
5 2681
5 1420
5 1443
5 2800
5 1142
5 786
5 3528
5 1896
5 3657
5 2673
5 1682
5 1445
6 2800
6 2822
6 3139
6 3140
6 3141
6 3142
6 3143
6 1113
6 3145
6 3147
6 3148
6 3149
6 3150
6 3151
7 423
8 423
8 607
8 782
8 797
8 839
8 934
8 2158
8 1480
8 2302
8 1469
8 2681
8 1420
8 1443
8 2987
8 1142
8 786
8 3528
8 1896
8 3657
8 2673
8 1682
8 1445
10 1307
10 1113
10 1306
11 186
11 576
11 839
11 1006
11 1014
11 1231
11 14
11 393
11 1410
11 1413
11 1559
11 1564
11 967
11 1725
11 1728
11 1734
11 2023
11 832
11 2624
11 2763
11 1305
11 3512
11 3674
11 583
11 2663
11 4076
12 1294
12 2130
12 2137
12 1297
12 2684
12 1307
12 2935
12 3139
12 1113
13 44
13 393
14 85
14 135
14 393
15 419
15 485
15 704
15 1231
15 393
15 1393
15 1292
15 1634
15 1820
15 830
15 1964
15 2172
15 2366
15 2628
15 2717
15 798
15 1030
15 1443
15 2790
15 2793
15 2800
15 598
15 1307
15 2935
15 2944
15 425
15 532
15 3723
15 2816
15 4073
15 4222
16 17
16 617
17 356
17 616
17 617
17 618
18 19
18 432
18 418
18 823
18 984
18 1044
18 1109
18 1201
18 1712
18 1853
18 1964
18 2115
18 2180
18 2358
18 2437
18 3310
18 3584
18 4120
19 20
19 21
19 22
19 23
19 24
19 25
19 623
19 624
19 625
19 627
19 628
19 629
19 634
19 635
19 636
19 637
19 638
19 639
19 644
20 788
20 2597
21 644
21 1483
21 2593
21 2595
21 2596
21 2599
21 2605
21 2607
21 2610
21 2684
21 3245
21 3471
21 3725
22 24
22 806
22 2599
22 2661
22 2753
24 622
25 644
25 2599
25 2603
25 2607
26 27
26 585
26 1564
26 3046
27 28
27 29
27 30
27 31
27 32
27 33
27 34
27 35
27 36
29 585
30 585
30 820
30 2353
30 3046
34 1982
34 3373
36 548
36 561
36 585
36 969
36 1109
36 1708
36 1895
36 1900
36 1901
36 2191
36 1885
36 2416
36 1694
37 38
37 806
37 1534
37 1760
37 4246
38 39
38 40
38 41
38 42
38 43
38 44
38 45
38 46
38 47
38 48
38 49
38 50
38 51
38 52
38 823
38 290
38 839
38 896
38 900
38 903
38 905
38 907
38 908
39 839
39 596
39 1760
39 1480
39 1420
39 2765
39 1524
39 1525
39 2749
39 4241
40 747
40 839
40 2763
40 2822
40 3910
41 602
41 607
41 615
41 797
41 839
41 571
41 596
41 1469
41 598
41 901
41 3985
41 1364
42 602
42 607
42 615
42 797
42 839
42 571
42 596
42 1469
42 598
42 901
42 3985
42 1364
43 934
43 1900
44 166
44 839
44 1014
44 1231
44 1273
44 1456
44 596
44 1646
44 1678
44 1164
44 1752
44 2001
44 832
44 2121
44 452
44 2624
44 404
44 2822
44 3857
44 4192
45 84
45 2300
45 2756
45 901
46 166
46 908
46 1243
46 1343
46 2000
46 1264
46 1169
46 2115
46 2117
46 2119
46 2120
46 2121
46 2122
46 2125
46 2128
46 2129
46 2130
46 2131
46 2132
46 2133
46 2134
46 2135
46 2138
46 2139
46 2140
46 2141
46 2142
46 2143
46 2144
46 2145
46 2146
46 2149
46 2150
46 2152
46 2153
46 1110
46 2157
46 2158
46 2159
46 2822
46 3054
47 1469
47 941
48 356
48 577
48 880
48 1426
48 2822
49 602
49 607
49 615
49 797
49 839
49 571
49 596
49 1469
49 598
49 901
49 3985
49 1364
50 356
50 592
50 1760
50 1480
50 1420
50 1524
50 1525
50 2749
50 4241
51 3240
51 1446
51 4139
52 166
52 1243
52 1560
52 1639
52 327
52 2119
52 2125
52 2139
52 2154
52 2822
52 2976
52 901
53 54
54 55
54 56
54 824
54 912
54 914
54 916
55 1014
56 1014
57 58
57 917
57 61
58 59
58 60
58 61
58 470
58 418
58 922
58 923
58 924
58 925
58 926
58 927
58 928
58 929
58 930
58 931
58 932
58 933
58 934
58 942
58 943
58 945
58 946
58 947
58 948
58 949
58 950
58 952
58 953
58 954
58 955
58 956
58 959
58 968
58 969
58 972
58 973
58 974
58 975
58 976
58 977
58 978
58 979
58 980
58 982
58 983
58 984
58 986
58 987
58 988
58 989
58 990
58 991
58 992
58 993
58 994
58 996
58 704
58 1002
58 1004
58 1005
58 1006
58 1007
58 476
58 1009
58 1010
58 1013
58 1014
58 1037
58 1038
58 477
58 1040
58 1041
58 1042
58 1043
58 1044
58 1045
58 1046
59 473
59 418
59 917
59 478
59 479
59 61
59 1014
59 1203
59 1030
60 917
60 61
61 917
61 478
61 479
62 63
62 1049
62 2821
62 1096
63 64
63 65
63 66
63 67
63 68
63 69
63 70
63 71
63 72
63 73
63 74
63 75
63 76
63 77
63 78
63 79
63 711
63 788
63 839
63 1048
63 1049
63 1050
63 1051
63 791
63 1052
63 1054
63 1055
63 1056
63 1057
63 1058
63 1059
63 1060
63 1061
63 1062
63 1063
63 1064
63 1065
63 1066
63 1067
63 1068
63 1069
63 1070
63 1071
63 1072
63 1073
63 1074
63 1075
63 1076
63 1077
63 1079
63 1080
63 1081
63 1082
63 1083
63 1084
63 1085
63 1086
63 1087
63 1088
63 1091
63 1092
63 1093
63 1094
63 1078
63 1095
63 1097
63 1098
63 1099
63 1100
63 1101
63 1102
63 1103
63 1105
63 1106
63 520
63 1107
63 1108
63 1109
63 463
63 1115
63 571
63 1123
63 1124
63 1125
63 1128
63 1129
63 1130
63 1132
63 1133
63 1134
63 1135
63 1136
63 1139
63 1140
63 1144
63 1145
63 1146
63 1147
63 1148
63 1149
63 1150
63 1151
63 1153
63 1154
63 521
63 1155
63 1188
63 1194
63 437
63 1195
63 1199
63 1200
63 1201
63 1202
63 1203
63 1207
63 1208
63 1209
63 645
63 1211
63 1212
63 1213
63 1158
63 1214
63 1215
63 1217
63 1159
63 1216
64 71
65 788
65 797
65 1130
65 1136
65 1195
65 2166
65 1142
66 945
66 1100
66 1215
66 1164
66 1754
66 1906
66 2004
66 2180
66 2198
66 2686
66 3612
67 2004
67 2198
67 3007
68 71
68 1047
68 1059
68 1149
68 1150
68 1996
68 4076
69 441
69 561
70 473
70 788
70 1130
70 1203
70 1012
70 1828
70 1934
70 2482
70 2487
70 2493
70 2495
70 2503
70 2514
71 788
71 1051
71 1054
71 1071
71 1075
71 1134
71 1136
71 1139
71 1293
71 1547
71 2208
71 3007
72 788
72 1084
72 1136
72 1139
72 937
72 1708
72 2152
72 3336
72 3338
72 1096
73 624
73 1084
74 1134
74 1139
74 521
74 3703
76 934
76 476
76 571
76 1134
76 1144
76 1159
76 1293
76 2004
76 2183
76 2193
76 2198
76 2208
76 3057
76 3872
77 473
77 1014
77 1051
77 521
77 1188
77 3820
77 3872
77 3876
77 3879
77 1096
78 934
78 571
78 1134
78 1144
78 1159
78 1293
78 2004
78 2183
78 2193
78 2198
78 2208
78 3057
78 3872
79 934
79 476
79 571
79 1134
79 1144
79 1159
79 1293
79 2004
79 2183
79 2193
79 2198
79 2208
79 3057
79 3872
80 81
80 921
80 1226
80 1734
81 82
81 83
81 1218
81 1219
81 1220
81 478
81 1226
81 1227
81 1231
81 1233
81 1235
81 1236
81 1237
81 1238
82 1734
83 1426
83 2661
83 4076
84 85
84 140
84 143
84 145
84 1243
84 1661
84 1469
84 2759
84 786
84 3528
84 4073
85 86
85 87
85 88
85 89
85 839
85 1241
85 1243
86 1243
86 2115
87 839
87 1243
87 1409
87 2115
87 2119
87 2141
87 3690
89 140
89 423
89 797
89 839
89 1014
89 1125
89 1227
89 1243
89 1396
89 1468
89 596
89 1661
89 1663
89 1833
89 1924
89 1974
89 2166
89 2631
89 598
89 2983
89 2987
89 2816
89 4003
89 4006
89 4007
89 1127
89 601
89 4073
89 4090
89 4213
89 4246
90 91
90 984
91 92
91 93
91 94
91 1304
92 249
92 1302
92 1303
92 580
92 872
92 1304
92 104
92 1305
92 1306
92 93
92 2297
92 1307
93 1304
93 1307
93 1306
94 249
94 250
95 96
95 1308
96 356
96 1308
96 1309
96 1310
96 1315
97 98
97 1317
97 1632
97 1634
97 1362
97 453
97 3262
98 99
98 1318
98 1320
98 1321
98 1322
98 1323
98 1324
98 1325
98 1326
99 704
100 101
101 102
101 103
101 104
101 356
101 1491
101 1492
101 1493
101 1440
102 782
102 806
102 839
102 704
102 1014
102 1188
102 594
102 1679
102 1670
102 1906
102 1912
102 2004
102 1110
102 2661
102 1469
102 2632
102 2754
102 1420
102 1142
102 3870
102 1682
102 3922
102 601
104 782
104 797
104 1002
104 1315
104 1397
104 1475
104 1515
104 1516
104 1263
104 793
104 1679
104 1362
104 1708
104 830
104 1929
104 2078
104 2166
104 2196
104 889
104 1709
104 2541
104 597
104 798
104 1519
104 2738
104 2670
104 2947
104 2969
104 2970
104 600
104 2981
104 1142
104 3004
104 1520
104 2858
104 1966
104 3299
104 3369
104 3517
104 3653
104 3985
104 1121
104 4095
104 4162
104 4192
104 4246
104 4261
105 106
106 107
106 108
106 430
106 1367
106 1448
106 706
106 1496
106 1497
106 1498
106 1499
106 1500
106 1501
106 1502
106 904
106 1504
106 1505
106 1506
106 1508
106 1509
106 1511
106 1512
106 1513
106 1514
106 1515
106 1516
106 596
108 498
108 1125
108 1495
108 1500
108 2329
108 1476
108 4016
108 3911
108 1641
109 110
109 1528
110 1528
110 1529
110 1263
110 1530
110 1533
110 1534
110 1535
110 1536
110 396
110 1537
110 1538
110 1161
110 1540
110 1541
110 1542
110 1543
110 1544
110 1545
111 112
111 1571
112 113
112 881
112 1572
112 1255
112 1573
112 1574
112 1576
112 1577
112 1578
112 1579
112 1580
112 1581
112 1517
112 1582
112 1583
112 1584
112 793
112 1586
112 1587
112 1588
112 1589
112 1590
112 1591
112 1592
113 1576
113 2148
114 115
115 1593
115 1594
115 1595
115 1596
115 1597
115 1598
115 1599
116 117
116 1626
117 118
117 119
117 120
117 121
117 122
117 123
117 124
117 125
117 126
117 127
117 128
117 129
117 130
117 839
117 1602
117 1603
117 1604
117 1605
117 1606
117 1600
117 1607
117 1608
117 1609
117 448
117 1610
117 1611
117 1612
117 1613
117 1614
117 1615
117 1616
117 1617
117 1618
117 1619
117 1620
117 1621
117 1622
117 1623
117 1624
117 1625
117 1626
117 1627
117 1629
117 1630
117 1631
117 1632
117 1634
117 1642
117 1643
117 1162
117 1644
117 1645
117 1646
117 1649
118 1600
118 1626
119 484
120 1626
122 1294
122 1498
122 1374
124 1515
124 130
124 1833
124 3733
124 3964
125 1632
125 1785
126 1602
126 3809
127 3870
128 1626
129 418
129 1632
130 362
131 132
132 133
132 134
132 839
132 1650
132 1651
132 1652
132 1653
132 1654
132 1163
133 601
134 2812
134 3493
134 3504
134 4046
134 4047
134 4061
134 4095
135 136
135 3726
136 137
136 138
136 356
136 1488
136 1655
138 1355
138 1655
139 140
139 356
139 956
139 1741
139 2624
139 2717
139 2804
139 2935
139 2946
139 2951
140 141
140 142
140 143
140 144
140 145
140 146
140 147
140 148
140 149
140 150
140 151
140 152
140 153
140 154
140 155
140 156
140 157
140 839
140 1660
140 1661
140 1662
140 1663
140 1664
140 1665
141 152
141 1661
142 1243
143 934
143 1895
143 2300
143 2763
143 2822
143 2976
143 3142
143 901
143 3661
144 356
144 1315
144 2756
147 561
147 1755
148 711
148 1106
148 1246
148 1232
149 689
149 1289
149 1291
149 1345
149 1912
149 2468
149 1709
149 4120
149 4121
149 4123
150 839
150 2624
150 3517
151 839
151 2624
151 3517
153 1243
153 2127
153 2137
153 2141
153 2756
153 3143
153 3661
154 1413
154 2447
154 1647
156 2981
158 159
158 2763
159 160
159 356
160 1817
160 2763
160 2986
161 162
161 441
161 763
161 1170
161 3481
162 163
162 164
162 914
162 1989
162 1991
162 1992
162 1993
162 1994
163 441
163 763
163 1170
163 3481
164 441
164 763
164 1170
164 3481
165 166
165 356
165 561
165 1315
165 1564
165 3674
167 168
168 169
168 170
168 171
168 172
168 173
168 174
168 175
168 176
168 177
168 178
168 179
168 180
168 181
168 182
168 183
168 184
168 185
171 1358
171 2117
171 3218
175 2117
176 2117
179 934
179 1679
179 1708
179 2160
179 3013
179 556
179 1694
182 2117
184 2117
185 934
185 1679
185 1708
185 2160
185 3013
185 556
185 3058
185 1694
186 187
186 188
186 189
186 190
186 191
186 192
186 193
186 194
186 195
186 196
186 197
186 198
186 199
186 200
186 1233
186 2021
186 2022
186 2020
186 2023
186 2024
187 918
187 919
187 920
187 2020
187 1003
189 567
189 918
189 920
189 1735
189 1912
189 2020
189 2023
189 2113
189 3848
192 703
192 959
192 571
192 1233
192 1679
192 1708
192 2168
192 3848
193 918
193 920
193 1735
193 2020
193 2023
193 3848
194 2020
195 2804
196 959
196 2023
198 918
198 920
198 959
198 2020
198 2023
198 3848
199 1234
199 2020
200 1234
201 202
202 203
202 204
202 205
202 206
202 207
202 208
202 209
202 210
202 2027
202 2028
203 3211
204 1661
204 892
204 425
205 1442
205 2681
205 2741
205 4238
206 209
210 1661
211 212
212 213
212 214
212 215
212 216
212 217
212 218
212 985
212 2070
213 934
213 1109
213 463
213 1115
213 1679
213 1708
213 1883
213 1311
213 2191
213 2203
213 2366
213 1709
213 2962
213 556
213 3048
213 3143
213 3392
213 1575
214 1970
216 493
217 1188
217 3879
218 548
218 1971
219 220
220 221
220 222
220 223
220 224
220 225
220 226
220 227
220 228
220 229
220 230
220 231
220 232
220 233
220 234
220 235
220 236
220 237
220 238
220 2074
220 2075
221 302
221 3466
221 3467
222 1273
222 3467
224 839
224 476
224 1014
224 1227
224 1231
224 1273
224 1276
224 1277
224 1278
224 1294
224 1646
224 1670
224 937
224 1708
224 827
224 1164
224 1754
224 1802
224 1883
224 1987
224 2160
224 2203
224 2451
224 2528
224 1709
224 452
224 833
224 3024
224 556
224 3044
224 3461
224 3467
224 3855
224 3872
224 3943
224 4193
227 1277
227 3466
227 3467
228 1276
229 356
229 441
229 637
229 1227
229 1273
229 1315
229 1655
229 1117
229 832
229 2187
229 2838
229 3212
229 3466
229 1363
229 4192
229 4193
230 1755
230 1820
230 232
230 452
230 2644
230 2777
231 1755
231 1820
231 2644
231 2777
232 1820
232 243
232 2644
232 2763
232 2777
233 1273
233 1362
233 1800
233 1804
233 2768
233 2816
235 779
235 1294
235 3461
235 3462
235 3468
235 3489
235 601
238 779
239 240
239 356
239 1014
239 1231
239 1315
239 1357
239 1378
239 1397
239 1475
239 1487
239 1164
239 1957
239 1373
239 2079
239 2080
239 2090
239 2092
239 832
239 2187
239 2541
239 2784
239 1647
239 4192
239 4193
239 565
240 839
240 1014
240 1231
240 1655
240 1373
240 2077
240 2078
240 2079
240 2080
240 2081
240 2082
240 2084
240 2085
240 2087
240 2088
240 2089
240 2062
240 2090
240 2092
240 2093
240 2094
240 2095
240 2096
240 2097
240 2098
240 2099
240 2100
240 2101
240 2102
240 832
241 242
241 696
242 839
242 2017
242 2270
242 2271
242 2274
242 2275
242 2273
242 2276
242 2277
242 2278
242 2279
242 2280
242 2281
242 2282
242 2283
242 2284
242 2285
242 2286
242 2287
242 2288
242 889
242 2289
242 2290
242 2291
243 244
243 441
243 1396
243 1467
243 1490
243 1511
243 1263
243 2016
243 2017
243 1639
243 2631
243 1170
243 2777
243 2778
243 1648
243 3856
243 3863
243 4160
244 245
244 839
244 2292
244 1297
244 2293
244 2294
245 839
245 393
245 2196
245 892
245 3063
245 3976
246 247
246 356
246 880
246 1515
246 1646
246 2622
246 453
246 3657
246 3723
246 1648
246 3963
246 4192
246 4222
248 249
248 797
248 839
248 943
248 1423
248 1468
248 1926
248 2166
248 1480
248 1394
248 2901
248 2934
248 2940
248 3145
248 4246
249 250
249 1547
249 1523
249 2295
249 1480
249 2297
251 252
251 577
251 732
251 839
251 1377
251 1502
251 1754
251 403
251 2791
251 3690
252 302
252 356
252 561
252 1109
252 1355
252 880
252 1402
252 1410
252 1417
252 1462
252 592
252 1502
252 1564
252 1757
252 1519
252 2756
252 2775
252 2776
252 2777
252 2778
252 2779
252 2780
252 1305
252 2781
252 2782
252 2783
252 2784
252 2531
252 2786
252 2787
252 1032
252 2788
252 2789
252 2790
252 2791
252 2792
252 2793
252 407
252 2794
252 2795
252 2796
252 2797
252 2799
252 2800
252 2801
252 2802
252 2803
252 2804
252 2805
252 2806
252 2807
252 1668
252 2808
252 2809
252 2810
252 2812
252 2813
252 2670
252 598
252 1112
252 599
252 1524
252 2814
252 2815
252 2817
252 2818
252 2819
252 2820
252 2821
252 2822
252 892
252 1267
252 2824
252 1658
252 2825
252 2826
252 2827
252 2828
252 2829
252 1421
252 1470
252 2830
253 254
253 3680
254 607
254 596
254 1525
254 2832
254 2749
254 2834
254 2835
254 1482
254 1526
255 256
256 257
256 258
256 259
256 260
256 261
256 356
256 2671
256 3062
256 3063
257 839
257 4139
258 1443
261 3709
262 263
263 264
263 265
263 266
263 267
263 268
263 269
263 270
263 271
263 272
263 273
263 274
263 275
263 3222
263 3014
263 3223
263 3224
263 3225
263 3226
263 1693
263 3228
263 3229
263 3230
263 2192
263 3231
263 3232
263 3233
263 3234
263 3235
263 3236
263 3237
263 3238
263 3239
263 3240
263 1177
263 1178
263 713
263 3241
263 3227
263 3242
263 3243
270 3241
272 1426
274 797
274 839
274 1448
274 706
274 1679
274 1420
274 4049
276 277
276 430
276 460
276 498
276 548
276 711
276 1014
276 1195
276 1200
276 1227
276 1231
276 1448
276 1501
276 1632
276 1164
276 1838
276 1906
276 832
276 2148
276 2152
276 1110
276 2338
276 2360
276 3819
276 2851
276 4227
277 278
277 596
277 1838
277 1030
277 3249
277 1268
277 3250
277 3251
277 1179
277 3253
277 3254
277 3255
277 3257
277 3258
277 3259
277 3260
277 3261
277 3262
277 3264
277 3265
277 3266
277 3267
277 3268
277 3269
277 3270
277 997
277 3271
277 3272
277 3273
277 3274
277 3275
277 3276
277 3277
277 3278
277 3279
277 3280
277 3281
277 3282
277 3283
277 3284
277 981
277 3285
277 3286
277 3287
277 1180
277 3288
277 2329
277 3289
277 3291
277 3292
277 3293
277 3294
277 1033
277 3295
277 457
277 3296
277 582
277 3298
277 3299
277 1860
277 3300
277 1181
277 3301
277 3302
277 3303
277 3304
277 3305
277 3290
277 3306
277 3307
277 3308
277 3309
277 3310
277 3311
278 1125
278 603
279 280
280 281
280 282
280 283
280 284
280 285
280 286
280 287
280 288
280 289
280 290
280 291
280 292
280 839
280 896
280 900
280 905
280 907
280 908
280 3312
281 821
281 1155
281 2128
281 2144
291 896
293 294
293 2951
294 295
294 296
295 788
295 795
295 797
295 806
295 839
295 1468
295 4097
296 2951
296 4249
297 298
297 1161
297 2124
297 3453
297 3458
297 3537
298 299
298 300
298 301
298 1358
298 2749
298 3449
298 3450
298 3451
298 3452
298 3453
298 3454
298 3455
298 3458
300 3455
300 3458
301 2124
301 3448
301 3455
301 3458
301 3695
302 303
302 304
302 305
302 306
302 307
302 308
302 309
302 310
302 311
302 312
302 313
302 314
302 315
302 316
302 317
302 318
302 319
302 320
302 321
302 322
302 323
302 324
302 325
302 326
302 327
303 356
303 629
303 2622
303 3382
304 1203
304 3468
305 629
307 797
307 839
307 934
307 943
307 1109
307 880
307 1410
307 1448
307 1502
307 596
307 1564
307 1923
307 1929
307 2532
307 2605
307 2661
307 1519
307 1420
307 2775
307 2789
307 2790
307 2793
307 407
307 2794
307 2795
307 2796
307 2800
307 2802
307 2803
307 2804
307 2805
307 1668
307 2812
307 1524
307 2814
307 2819
307 2820
307 2821
307 2826
307 2829
307 2970
307 2983
307 2987
307 1113
307 3461
307 4113
308 1002
308 1286
308 1289
308 1291
308 1414
308 1920
309 949
310 797
310 839
310 2166
310 3669
310 4073
311 356
311 1414
311 1646
311 1655
311 2541
311 2787
311 3468
311 3469
311 3950
312 356
312 1414
312 2541
312 1230
312 2787
312 3468
312 3469
313 880
313 1417
313 1547
313 2756
313 2782
313 2783
313 2787
313 2788
313 2790
313 2792
313 2793
313 2794
313 2805
313 2808
313 2810
313 2812
313 2818
313 2822
313 892
313 2828
313 2829
313 1421
313 1470
315 356
315 629
315 1888
315 3246
315 3680
317 356
317 1414
317 1646
317 1655
317 2541
317 2787
317 3468
317 3469
317 3950
320 356
320 779
320 1414
320 1163
320 2541
320 2787
320 3468
320 3469
321 356
321 441
321 779
321 1414
321 592
321 1509
321 1632
321 1655
321 2541
321 2787
321 3215
321 3466
321 3468
321 3469
321 3471
321 3475
321 3476
321 3477
321 3479
321 2639
321 2306
321 3504
321 3950
323 3246
324 839
324 1284
324 1534
324 1709
324 3246
324 3657
324 3670
324 3680
325 3246
325 3680
326 629
326 2986
327 423
327 797
327 1284
327 1402
327 1263
327 1556
327 1597
327 1024
327 1754
327 1757
327 1807
327 2624
327 2686
327 405
327 2733
327 2763
327 2814
327 892
327 2946
327 2368
327 2966
327 3657
327 4073
327 4076
327 4189
328 329
329 607
329 596
329 1525
329 2832
329 2749
329 1482
329 1526
329 2831
330 331
331 3097
331 3926
331 3927
331 3928
331 3929
331 3930
331 3931
331 3932
331 3933
331 3934
331 3935
331 3936
331 3937
331 3938
331 3939
331 3940
331 3942
331 3943
331 3944
331 3945
331 3946
331 3947
332 333
333 334
333 335
333 839
333 1456
333 1646
333 2187
333 3015
333 3959
333 3963
333 4192
333 4193
333 565
333 4194
333 895
334 1231
334 1411
334 1420
334 4162
335 2187
336 337
336 788
336 839
336 1646
336 2753
336 4202
337 338
337 339
337 340
337 341
337 342
337 343
337 344
337 839
337 1355
337 4200
337 4201
337 4202
337 1096
337 4203
337 4204
337 4205
338 797
338 839
338 2017
338 1469
338 2711
338 2727
338 1138
338 340
339 423
339 797
339 806
339 896
339 2763
339 3348
339 901
339 4202
340 2726
340 2727
340 1138
340 341
340 343
341 839
341 1252
341 2727
341 1138
341 394
342 356
342 473
342 1289
342 1291
342 594
342 1557
342 1655
342 1817
342 2686
342 2763
342 4076
342 4092
342 4222
343 839
343 2017
343 2727
343 1138
345 346
345 585
345 839
345 1286
345 1289
345 1291
345 1814
345 2599
345 2605
345 2610
345 2719
345 3049
345 3597
345 3638
345 3725
345 2663
346 347
346 348
346 356
347 588
347 673
347 3043
347 3193
347 3194
347 3195
347 3196
347 3197
347 3198
347 3041
347 3201
347 3202
347 4271
348 588
348 673
348 1454
348 3043
348 3189
348 3193
348 3194
348 3195
348 3196
348 3197
348 3198
348 3041
348 3201
348 3202
348 4271
349 350
349 351
349 352
349 353
349 354
349 356
349 410
349 411
349 413
349 414
349 415
349 417
349 419
349 423
349 426
349 429
349 430
349 432
349 438
355 356
355 441
355 460
355 470
355 473
355 485
355 491
355 494
355 495
355 497
355 498
355 502
355 503
355 504
355 505
355 506
355 507
355 508
355 509
355 510
355 511
355 512
355 514
355 515
355 516
355 418
355 535
355 536
355 537
355 538
355 539
355 542
355 543
355 548
355 558
355 561
355 566
355 567
356 357
356 358
356 359
356 360
356 361
356 362
356 363
356 364
356 365
356 366
356 367
356 368
356 369
356 370
356 371
356 372
356 373
356 374
356 375
356 376
356 377
356 378
356 379
356 380
356 381
356 382
356 383
356 384
356 385
356 386
356 387
356 388
356 389
356 390
356 391
356 392
356 393
356 394
356 395
356 396
356 397
356 398
356 399
356 400
356 401
356 402
356 403
356 404
356 405
356 406
356 407
356 408
356 409
357 539
357 462
357 646
357 647
357 648
357 649
357 650
357 651
357 652
357 653
357 654
357 655
357 656
357 657
357 658
357 659
357 660
357 661
357 662
357 663
357 664
357 665
357 666
357 667
357 668
357 669
357 670
357 671
357 672
357 673
357 674
357 675
357 676
357 677
357 678
357 679
357 680
357 681
357 682
357 683
357 685
357 686
357 687
357 688
357 689
357 690
357 691
357 692
357 695
357 697
357 698
357 700
357 701
357 702
357 703
357 708
357 709
357 710
357 711
357 714
357 716
357 717
357 718
357 719
357 562
357 720
357 721
357 722
357 723
357 724
357 725
357 726
357 727
357 728
357 729
357 730
357 731
357 732
357 735
357 736
357 737
357 738
357 739
357 740
357 741
357 742
357 743
357 744
357 745
357 746
357 747
357 748
357 749
357 750
357 751
357 752
357 753
357 754
357 755
357 756
357 757
357 758
357 759
357 760
357 761
357 762
357 763
357 764
357 765
357 766
357 767
357 768
357 769
357 770
357 771
357 772
357 773
357 774
357 775
357 776
357 777
357 778
357 779
357 780
357 781
357 782
357 787
357 788
357 795
357 797
357 806
357 808
357 809
357 810
357 811
357 812
357 813
357 814
357 815
357 816
357 817
357 818
357 819
358 485
358 548
358 782
358 1002
358 1125
358 1289
358 1315
358 1352
358 1353
358 1354
358 1355
358 395
358 446
358 1356
358 1357
358 1358
358 1359
358 1360
358 573
358 1365
358 1366
358 1367
358 1368
358 1369
358 1370
358 1371
358 1372
358 1375
358 1376
358 1377
358 1378
358 880
358 1392
358 1393
358 1396
358 447
358 1397
358 1284
358 1402
358 1404
358 1407
358 1408
358 1409
358 1410
358 1411
358 1412
358 1413
358 1417
358 800
358 1423
358 1424
358 1425
358 1426
358 1447
358 1448
358 1427
358 1451
358 1452
358 1453
358 1455
358 1456
358 706
358 1462
358 559
358 1465
358 1466
358 1467
358 1468
358 1472
358 1473
358 1475
358 1039
358 1361
358 1478
358 592
358 593
358 594
358 595
358 1479
358 1483
358 1484
358 1486
358 1487
358 1116
358 1488
358 1489
358 1292
358 1490
359 1552
359 1553
359 1554
359 1555
359 1556
359 1557
359 1558
359 1559
359 1560
359 1563
359 1564
359 1565
359 1566
359 1567
359 1568
359 1569
359 1570
360 1669
361 956
361 959
361 1010
361 1238
361 1426
361 1502
361 1717
361 1718
361 1719
361 1720
361 1234
361 1724
361 967
361 1725
361 576
361 1726
361 1727
361 1728
361 1729
361 1730
361 1731
361 1732
361 1733
361 1734
361 1735
361 1737
361 435
361 1739
361 1740
361 1741
361 1742
361 1743
361 1744
361 1745
361 466
361 1747
361 1225
361 479
361 1749
361 1750
361 1386
361 1024
361 1751
361 1752
361 1753
361 1754
361 1755
361 1756
361 1757
361 1758
361 1760
362 548
362 797
362 571
362 1424
362 706
362 1514
362 1515
362 1516
362 1761
362 1762
362 1763
362 1764
362 1765
362 1766
362 1767
362 1768
362 1769
362 1770
362 1771
362 1772
362 1773
362 467
362 1774
362 1637
362 1775
362 1638
362 1776
362 1777
362 1778
362 1779
362 1780
362 1781
362 1782
362 1783
362 412
362 1784
362 1785
362 1165
362 1786
362 1787
362 1788
362 1789
362 1790
362 1791
362 1792
362 1793
362 1794
362 1795
362 1796
362 1797
362 1798
362 1799
362 1800
362 1802
362 1803
362 1804
362 1805
362 1806
362 1807
362 399
362 1808
362 1809
362 1810
362 1811
362 1812
362 1813
362 1814
362 1817
362 1518
362 1818
362 1819
362 1820
362 1821
362 1822
362 1823
362 1824
362 1825
362 1826
362 1827
362 1828
362 828
362 1829
362 1830
362 829
362 830
362 1832
362 1833
362 1834
362 1835
362 1838
362 1839
362 1840
362 552
362 563
362 1841
362 1842
362 1843
362 524
362 1801
362 1844
362 1845
362 1847
362 1848
362 1846
362 1849
362 1850
362 1851
362 1852
362 1853
362 1855
362 1857
362 1858
362 733
362 1859
362 1861
362 1862
362 1863
362 1864
362 1166
362 1865
362 1866
363 2451
363 2452
363 2453
363 1657
363 403
364 1286
364 1487
364 1505
364 399
364 2039
364 2065
364 2089
364 2521
364 2522
364 2523
364 2524
364 2525
364 2526
364 693
364 694
364 2527
364 1111
364 2528
364 1709
364 2532
364 2535
364 2536
364 2537
364 2538
364 2539
364 2540
364 2541
364 2083
364 2542
364 2543
364 2544
364 452
364 2545
364 2546
364 2547
364 2548
364 2549
364 2550
364 890
364 2551
364 2552
364 2553
364 2554
364 2555
364 2556
364 2557
364 2558
364 1692
364 2559
364 2560
364 2561
364 2562
364 2563
364 2530
364 2564
364 2565
364 2566
364 2567
364 2568
364 2569
364 2570
364 2571
364 2572
364 2573
364 2574
364 2575
364 2576
364 2577
364 2578
364 2579
364 2076
364 712
364 440
364 2580
364 2581
364 2582
364 2086
364 2583
364 2584
364 2585
364 2586
364 2587
364 420
364 1259
364 2588
364 2589
364 2590
364 2591
364 2592
364 2241
365 441
365 470
365 561
365 629
365 644
365 788
365 1006
365 1132
365 1134
365 1745
365 2593
365 632
365 2594
365 633
365 2595
365 2596
365 2597
365 2598
365 2599
365 2602
365 2603
365 2604
365 2605
365 2607
365 2608
365 2609
365 2610
365 2611
365 2612
365 2613
365 794
365 1141
365 2615
365 2616
365 2619
365 2620
365 2621
365 2622
365 2623
365 2624
365 2625
365 2626
365 2627
365 2628
365 469
365 2629
365 2630
365 2631
365 1170
366 1462
366 1488
366 1263
366 1547
366 1557
366 1469
366 1442
366 2676
366 2677
366 2678
366 1288
366 2679
366 2680
366 2681
366 2682
366 2683
366 2684
366 404
366 2685
366 2686
366 891
366 2687
366 2688
366 2689
366 2690
366 2691
366 2692
366 2632
366 939
366 2694
366 2696
366 2697
366 2698
366 2700
366 2701
366 405
366 2702
366 2703
366 2704
366 2705
366 2706
366 2708
367 1240
367 1291
367 1423
367 1646
367 1469
367 1031
367 2759
367 2760
367 1420
367 1443
367 2762
367 1444
367 1260
367 2763
367 2765
367 2766
367 2767
367 2768
367 2769
367 2770
367 1463
367 2771
367 2772
367 2773
367 2774
368 2836
368 2837
368 2838
368 2839
368 2840
368 2841
369 1404
369 1414
369 596
369 1753
369 1929
369 2717
369 2755
369 2842
369 2843
369 2844
369 2845
369 2846
369 2847
369 2848
369 2849
369 421
369 2850
369 2852
369 2853
369 2854
369 2855
369 2856
369 2857
369 1346
369 2859
369 2860
369 2861
369 1171
369 2862
369 2863
369 2864
369 2865
369 2866
369 2867
369 2868
369 2869
369 530
369 2871
369 2872
369 2873
369 2874
369 2875
369 1205
369 2876
369 2877
369 2878
369 2879
369 2880
369 2881
369 2882
369 2883
369 2884
369 2885
369 2886
369 2887
369 2888
369 2889
369 2890
369 2891
369 1172
369 2892
369 2893
369 2894
369 2895
369 2896
369 2897
369 2898
369 2899
369 2900
369 2901
369 2902
369 2903
369 2904
369 2905
369 2906
369 2764
369 2907
369 2908
369 2909
369 2910
369 2911
369 2912
369 2913
369 2914
369 2915
369 2916
369 2917
369 2918
369 2919
369 2920
369 2921
369 2922
369 2923
369 2924
369 2925
369 2926
369 2927
369 2928
369 1307
369 2930
369 2931
369 2932
369 2933
369 2934
369 2935
369 2936
369 2937
369 2938
369 2939
369 2940
369 2941
369 1173
369 2942
369 2943
369 2944
369 2945
369 2946
369 2947
369 2948
369 482
369 2949
369 2368
369 2950
369 2951
369 2952
369 2953
369 2954
369 2955
369 2956
369 2957
369 2958
369 2959
369 2960
369 2961
369 2962
369 2963
369 2964
369 2965
369 2966
369 2967
369 2968
369 2969
369 2970
369 2971
369 1174
369 2972
369 2973
369 2974
369 1531
369 424
369 2975
369 2976
369 2977
369 600
369 2978
369 2979
369 2980
369 2981
369 2982
369 2983
369 2984
369 2985
369 2986
369 2987
369 2988
369 2989
369 2990
369 2991
369 425
369 1142
369 2992
369 1175
369 2993
369 2994
370 543
370 567
370 1310
370 573
370 1397
370 2191
370 1470
370 3002
370 3156
370 3160
370 3161
370 3162
370 3157
370 3163
370 3164
370 3165
370 2057
370 3166
370 3167
370 3168
370 3158
370 3169
370 3159
370 3170
370 3171
370 3172
370 1312
370 3173
370 3174
370 3175
370 1313
370 3176
370 3177
370 3178
370 3179
370 2058
370 3181
370 3182
370 3183
370 3184
370 3185
370 3180
370 3186
370 3187
370 3188
370 3189
370 3193
370 3194
370 3195
370 3196
370 3197
370 3198
370 3199
370 3041
370 3190
370 3201
370 3202
370 3203
370 3204
370 3205
370 3206
370 3207
370 3208
370 3209
370 3200
370 3210
370 3211
370 3212
370 560
370 3214
370 3215
370 3218
370 3219
370 1710
370 3220
370 1585
370 3221
370 557
371 779
371 592
371 1655
371 2787
371 3215
371 3459
371 3460
371 2798
371 3461
371 3462
371 3464
371 3465
371 3466
371 3467
371 3468
371 3469
371 2633
371 3470
371 3471
371 1363
371 3475
371 3476
371 3477
371 3478
371 3479
371 3480
371 3481
371 3482
371 3483
371 2639
371 3484
371 3485
371 2306
371 3486
371 3487
371 3488
371 3489
371 3490
371 3491
371 1415
371 3492
372 880
372 1552
372 1995
372 2279
372 403
372 404
372 1658
372 2054
372 4146
372 2732
372 4147
372 838
372 4148
372 4149
372 4150
372 4151
372 4152
372 4153
372 4154
372 4155
372 4156
372 4157
372 4158
372 4159
372 4160
372 4161
372 4162
372 1390
372 4163
372 4164
372 4165
373 1417
373 1426
373 592
373 1491
373 1492
373 2976
373 3215
374 1378
374 1475
374 1379
374 1649
374 1117
374 1778
374 1833
374 1989
374 2044
374 2066
374 2078
374 2079
374 2082
374 2087
374 2090
374 2191
374 2541
374 2756
374 2841
374 3963
374 4192
376 2111
377 1355
377 4076
378 543
378 561
378 566
378 567
378 1358
378 1486
378 1117
378 3210
378 560
378 1693
378 1575
379 558
379 1378
379 1397
379 1417
379 1426
379 1475
379 1655
379 1117
379 1380
379 2197
379 1519
379 3215
379 3218
379 3219
379 3220
379 4093
379 4264
380 539
380 543
380 558
380 561
380 566
380 567
380 1358
380 1117
380 2168
380 2267
380 1966
380 1693
380 1575
381 3215
382 788
382 1294
382 1397
382 1426
382 1475
382 1484
382 1486
382 1117
382 1311
382 3015
382 3044
382 3168
382 2058
382 3215
383 561
383 839
383 1002
383 571
383 1286
383 1291
383 1263
383 1655
383 1754
383 399
383 1888
383 1920
383 2004
383 2111
383 2183
383 2198
383 404
383 2946
383 425
383 3604
383 3723
384 463
384 1369
384 1469
384 2987
384 3153
385 1262
385 706
386 2728
386 2733
386 2791
388 432
388 1010
388 1200
388 1231
388 1655
388 4022
389 2622
389 2718
389 2791
389 2985
391 1315
391 1483
391 1263
391 1594
391 1597
391 1655
391 1754
391 399
391 2078
391 2665
391 2754
391 2791
391 2633
391 3482
391 4222
392 423
392 1006
392 1929
392 2622
392 2749
393 840
393 1283
393 871
393 1284
393 599
393 894
394 441
394 624
394 1068
394 1076
394 1130
394 876
394 1332
394 1351
394 1341
394 1423
394 1456
394 1597
394 1117
394 1518
394 2017
394 2279
394 2624
394 3335
394 3336
394 3342
394 3820
394 3872
394 565
395 1692
397 1377
397 1812
397 1920
397 2791
397 2633
399 862
399 580
399 1229
399 785
400 1518
400 2814
400 892
400 1896
400 3661
401 956
401 959
401 1010
401 1238
401 1426
401 1502
401 1720
401 1234
401 1724
401 967
401 576
401 1726
401 1727
401 1728
401 1729
401 1730
401 1731
401 1732
401 1733
401 1734
401 1735
401 1737
401 435
401 1739
401 1740
401 1741
401 1743
401 1744
401 1745
401 466
401 1747
401 1225
401 479
401 1749
401 1750
401 1386
401 1024
401 1751
401 1752
401 1753
401 1754
401 1755
401 1756
401 1757
401 1758
401 1760
402 1291
402 1487
402 1814
402 2034
402 2060
402 1816
402 796
402 2062
402 1373
402 2092
402 2521
402 1519
402 1966
403 2448
404 891
405 798
405 1386
405 453
405 801
406 798
406 940
407 567
407 1315
407 1475
407 1655
407 1518
409 839
409 1397
409 1713
409 1799
409 3539
409 1015
409 3559
409 3562
409 3563
409 1704
409 3448
409 3597
409 3606
409 1399
409 3608
409 3639
409 3115
409 4228
412 413
412 686
412 737
412 1200
412 1632
412 1634
412 1507
412 1785
412 2291
412 3964
412 4209
416 417
416 441
416 470
416 543
416 548
416 561
416 566
416 567
416 839
416 980
416 1358
416 1117
416 1773
416 2331
416 1965
416 2436
416 3044
416 1693
416 3863
416 1575
416 4084
418 419
418 423
418 426
418 430
418 517
418 518
418 519
418 520
418 521
418 437
418 478
418 522
418 523
418 479
418 524
418 525
418 526
418 527
418 528
418 529
418 439
418 421
418 530
418 425
418 531
418 532
418 484
418 533
418 422
418 534
418 1632
419 420
419 421
419 422
419 476
419 534
420 2587
421 1130
421 2850
421 2861
421 4243
421 422
422 423
422 446
422 4224
422 855
423 424
423 425
424 426
424 2901
424 2914
424 2947
424 2985
424 2987
424 4223
424 4246
425 783
425 2707
425 4123
426 427
426 428
427 2763
428 441
428 711
428 714
428 593
428 832
428 2359
428 1232
428 2631
428 2646
428 1837
428 2801
428 2901
428 600
428 517
428 852
428 3252
428 2664
428 4086
431 432
431 548
431 711
431 714
431 839
431 949
431 1195
431 1200
431 1286
431 706
431 559
431 596
431 1828
431 1835
431 1884
431 1912
431 2004
431 2040
431 2239
431 2255
431 2308
431 1028
431 2309
431 2310
431 2311
431 2312
431 2313
431 2314
431 2315
431 2316
431 2317
431 2318
431 2319
431 2320
431 2321
431 2322
431 2323
431 2324
431 2325
431 2326
431 2327
431 2328
431 2330
431 528
431 529
431 2331
431 439
431 2333
431 2334
431 2335
431 2336
431 2337
431 2338
431 2341
431 2342
431 2343
431 2344
431 2345
431 2346
431 1965
431 2347
431 2348
431 2349
431 2350
431 2351
431 2352
431 2353
431 2354
431 2355
431 2356
431 2357
431 2358
431 2359
431 2360
431 1232
431 2361
431 2362
431 2363
431 2364
431 2240
431 2365
431 2366
431 2369
431 1885
431 2370
431 2371
431 2372
431 2373
431 2374
431 2375
431 2376
431 2377
431 2378
431 2379
431 2380
431 2381
431 2382
431 2383
431 2384
431 2385
431 2386
431 2387
431 2388
431 2389
431 2390
431 2391
431 2392
431 451
431 2393
431 2394
431 2395
431 1913
431 2396
431 2397
431 2398
431 2399
431 2400
431 2401
431 2402
431 2403
431 2404
431 2405
431 2406
431 2407
431 2408
431 2409
431 2410
431 2411
431 2412
431 2413
431 2414
431 2415
431 2416
431 2417
431 2418
431 2419
431 1029
431 2420
431 2421
431 2422
431 2423
431 2424
431 2425
431 2426
431 2427
431 2428
431 2429
431 2430
431 2431
431 2432
431 2433
431 2434
431 2435
431 2436
431 2437
431 2438
431 2439
431 2440
431 2441
431 2442
431 2443
431 2444
431 2445
431 2446
432 433
432 434
432 435
432 436
434 1475
435 957
435 1738
435 1239
436 823
436 1014
436 1188
436 1964
436 832
436 1189
436 3975
437 438
437 440
437 2233
438 439
438 440
439 2233
439 1016
439 2332
439 1965
439 1003
440 498
440 1002
440 1286
440 1289
440 1291
440 1487
440 1505
440 1506
440 1508
440 1509
440 1511
440 1513
440 2580
440 4137
440 4211
440 4216
441 442
441 443
441 444
441 445
441 446
441 447
441 448
441 449
441 450
441 451
441 452
441 453
441 454
441 455
441 456
441 457
441 458
441 459
442 2138
442 2166
442 1469
446 477
446 1426
446 1491
446 1170
446 2901
449 1231
449 550
450 550
451 1170
452 1164
452 870
453 460
453 473
453 827
453 1757
453 845
453 785
453 2305
453 455
453 1242
454 845
455 473
455 839
455 934
455 1123
455 827
455 2644
456 543
456 561
456 624
456 1417
456 1426
456 1538
456 1757
456 1141
456 2756
456 3221
457 485
457 498
457 508
457 548
457 839
457 1101
457 1105
457 1125
457 1414
457 1448
457 594
457 595
457 596
457 1679
457 1709
457 1030
457 2733
457 2986
457 3202
457 3262
457 2816
457 3983
457 4003
457 4007
457 4013
457 4241
457 4257
458 460
458 832
458 1815
458 3853
459 783
460 461
460 462
460 463
460 464
460 465
460 466
460 467
460 468
460 469
461 1014
461 1227
461 1164
461 2631
461 3853
462 645
463 567
463 912
463 1014
463 1037
463 1100
463 1103
463 1105
463 1106
463 553
463 554
463 1112
463 599
463 1113
463 1114
463 1123
463 1144
463 1227
463 1487
463 1574
463 1677
463 1164
463 832
463 2109
463 2160
463 2163
463 2164
463 2166
463 2168
463 2171
463 2174
463 2175
463 2178
463 2179
463 2180
463 2181
463 2182
463 2183
463 2184
463 2185
463 2187
463 2188
463 2189
463 2190
463 2191
463 2193
463 2194
463 2195
463 2196
463 2197
463 2198
463 2199
463 2200
463 2201
463 2202
463 2203
463 2204
463 2205
463 2206
463 2207
463 2208
463 2209
463 1258
463 2210
463 2211
463 2631
463 3853
463 3856
463 2106
464 698
464 711
464 777
464 779
464 984
464 1014
464 1200
464 1203
464 1231
464 1276
464 1277
464 596
464 1663
464 1164
464 1799
464 1802
464 832
464 2338
464 2359
464 2631
464 2644
464 1469
464 556
464 3040
464 3310
464 3394
464 1648
464 3857
464 3872
465 1014
465 1155
465 1188
465 1200
465 1209
465 1231
465 1515
465 1601
465 1632
465 832
465 2631
465 3276
465 3857
465 3858
465 2106
465 3975
465 4216
465 4246
466 703
466 476
466 1010
466 1014
466 1209
466 478
466 1227
466 1231
466 1708
466 1164
466 885
466 1225
466 832
466 2168
466 2631
466 3857
466 3870
466 3872
468 1014
468 1227
468 1892
468 2366
469 567
469 912
469 1014
469 1037
469 1100
469 1103
469 1105
469 1106
469 1123
469 1144
469 1227
469 1487
469 1574
469 1677
469 1164
469 832
469 2109
469 2160
469 2163
469 2164
469 2166
469 2168
469 2171
469 2174
469 2175
469 2178
469 2179
469 2180
469 2181
469 2182
469 2183
469 2184
469 2185
469 2187
469 2188
469 2189
469 2190
469 2191
469 2193
469 2194
469 2195
469 2196
469 2197
469 2198
469 2199
469 2200
469 2201
469 2202
469 2203
469 2204
469 2205
469 2206
469 2207
469 2208
469 2209
469 1258
469 2210
469 2211
469 2631
469 3853
469 3856
469 2106
470 471
470 472
470 823
470 832
472 537
472 548
472 797
472 1294
472 1679
472 2166
472 2188
472 3044
473 474
473 475
473 476
473 477
473 478
473 479
473 480
473 481
473 482
473 483
473 484
473 1155
474 3493
474 3495
474 3496
474 1461
474 3497
474 1464
474 995
474 3498
474 3499
474 3500
474 3501
474 3502
474 3503
474 3504
474 3505
474 3506
474 3507
474 3508
474 3509
474 483
475 959
475 1014
475 1226
475 479
476 1008
476 484
476 1014
476 1227
476 827
476 2436
476 2440
477 868
477 1039
477 531
477 1952
478 917
478 1014
478 1203
478 1221
478 919
478 1222
478 519
478 1223
478 1224
478 1225
478 1030
479 917
479 1014
479 1203
479 1022
479 1749
479 1030
480 498
480 548
480 934
480 1014
480 1515
480 1516
480 2268
480 3864
480 3872
480 3922
480 3924
481 498
481 548
481 934
481 1014
481 1515
481 1516
481 2268
481 3864
481 3872
481 3922
481 3924
482 1014
482 1964
483 3493
483 3495
483 3496
483 1461
483 3497
483 1464
483 995
483 3498
483 3499
483 3500
483 3501
483 3502
483 3503
483 3504
483 3505
483 3506
483 3507
483 3508
483 3509
484 617
484 1014
484 827
484 850
485 486
485 487
485 488
485 489
485 490
485 491
485 492
486 839
486 934
486 704
486 1006
486 573
486 1448
486 1117
486 1708
486 1745
486 1830
486 1869
486 1870
486 831
486 1871
486 1872
486 1873
486 1874
486 1119
486 1875
486 1877
486 1878
486 1879
486 1880
486 1881
486 1167
486 1882
486 1883
486 1884
486 1886
486 1887
486 1104
486 1888
486 1889
486 1890
486 1666
486 1891
486 1892
486 1893
486 1894
486 1895
486 1256
486 1899
486 1257
486 1900
486 1901
486 1902
486 1903
486 1904
486 1905
486 938
486 1906
486 1907
486 1908
486 1910
486 1911
486 1912
486 1915
486 1916
486 1917
486 1919
486 1920
486 1921
486 1922
486 1924
486 1925
486 1923
486 1926
486 1927
486 1928
486 1929
486 1932
486 1933
486 1934
486 1935
486 1936
486 1937
486 1938
486 1939
486 1940
486 1941
486 1942
486 1943
486 1944
486 1945
486 1946
486 1947
486 1948
486 1949
486 1950
486 1951
486 1952
486 1953
486 1954
486 1955
486 1957
486 1959
486 1960
486 1961
486 1962
486 1963
486 1964
486 1967
486 1968
486 1969
486 1970
486 525
486 526
486 1628
486 1974
486 1025
486 1975
486 1976
486 1977
486 1978
486 1979
486 1980
486 1981
486 1982
486 1983
486 1987
486 1988
487 689
487 839
487 949
487 571
487 1124
487 1125
487 1144
487 1286
487 1289
487 1367
487 1393
487 1448
487 706
487 1465
487 1473
487 1515
487 596
487 1679
487 1670
487 1362
487 1708
487 1814
487 1895
487 2144
487 2152
487 2153
487 2188
487 2353
487 2416
487 2430
487 1709
487 2999
487 3000
487 3001
487 3002
487 3003
487 3004
487 786
487 3005
487 3006
487 3007
487 3008
487 3009
487 3010
487 3011
487 3012
487 1422
487 3013
487 3015
487 3017
487 3018
487 3019
487 3020
487 3021
487 3024
487 556
487 3026
487 3027
487 1459
487 3028
487 3030
487 2662
487 3031
487 2114
487 3032
487 1460
487 3029
487 3033
487 3034
487 3035
487 3036
487 3037
487 1520
487 3038
487 3039
487 3040
487 3043
487 3044
487 3045
487 1290
487 3046
487 3047
487 3048
487 3049
487 3051
487 3052
487 3053
487 3054
487 3057
487 3058
487 3059
487 3060
487 3061
488 839
488 704
488 1294
488 1646
488 2416
488 3058
488 4192
488 4195
488 4196
488 4197
488 1391
488 3016
488 4198
488 4199
489 788
489 839
489 571
489 1125
489 1515
489 1573
489 1670
489 1882
489 1709
489 3015
489 3369
489 4084
489 4261
489 1314
489 1383
489 4262
489 4263
489 4264
489 4265
489 4266
489 4267
489 4268
489 1261
489 2059
489 4269
489 4270
489 1683
489 4271
490 590
490 739
490 797
490 839
490 1002
490 571
490 1125
490 1286
490 1289
490 1291
490 1367
490 880
490 1393
490 594
490 1515
490 1516
490 596
490 1646
490 1679
490 1362
490 2194
490 2430
490 597
490 1469
490 3005
490 3009
490 3049
490 3383
490 4137
491 493
492 1815
492 499
492 3297
492 500
492 532
493 2070
495 496
496 511
496 514
498 499
498 500
498 501
499 1014
499 1200
499 827
499 2632
499 3040
499 3041
499 3680
499 3853
500 2388
500 3296
500 4231
501 536
501 552
501 852
501 4227
506 561
506 1708
506 1975
506 3597
511 3219
512 513
513 535
515 2106
517 1010
517 1014
517 1203
517 1506
517 1511
517 1634
517 1695
517 1164
517 832
517 2580
517 2631
517 3644
517 3853
517 3854
517 3855
517 3856
517 3857
517 3858
517 2106
517 3860
517 3861
517 3862
517 3863
517 3864
517 3865
517 1476
517 3866
517 3867
517 3868
517 3869
517 3870
517 3872
517 3873
517 3874
517 3875
517 1271
517 3876
517 3878
517 2674
517 3879
517 3880
517 1395
517 3881
517 3882
517 3859
517 3883
517 3884
517 3885
517 3886
517 3887
517 3888
517 3889
517 3890
517 3891
517 3892
517 3893
517 2651
517 3894
517 3895
517 1272
517 3896
517 3897
517 3898
517 3899
517 3877
517 3900
518 586
518 1362
518 3985
520 932
520 1004
520 1007
520 547
520 1215
520 1893
520 1906
520 2962
520 3371
520 3446
521 790
522 558
522 777
522 840
522 1802
523 549
523 845
523 1015
523 851
523 784
523 1671
523 1800
525 1972
525 1973
527 2067
528 1964
528 1967
528 2328
528 1039
528 1498
528 1029
529 968
529 559
529 1964
529 1039
529 1498
529 1029
529 565
529 2436
529 2658
529 3863
530 1155
530 2140
530 2631
530 2864
530 2870
531 968
531 1203
531 2436
531 1015
531 532
532 714
532 1014
532 1212
532 552
532 1869
532 1884
532 1964
532 2328
532 1030
532 3289
532 1015
532 565
532 3857
532 2106
532 3975
532 4224
533 855
534 1155
534 2631
534 2106
534 855
534 3261
539 540
539 541
540 689
540 839
540 1670
540 3044
540 4093
541 782
541 839
541 1326
541 596
541 1709
541 1469
541 2816
541 3982
541 3911
541 4261
541 4271
543 544
543 545
543 546
543 547
543 934
543 2170
543 556
544 788
544 3015
544 1312
544 3220
544 3368
544 3369
544 3370
544 3371
544 564
544 3372
544 3373
544 3374
544 3375
544 3376
545 839
545 934
545 1315
545 3220
545 3221
546 567
546 629
546 1315
546 573
546 1594
546 2541
546 2756
546 3218
546 3221
546 557
546 1363
547 561
547 567
547 934
547 1109
547 1117
547 3044
547 3053
548 549
548 550
548 551
548 552
548 553
548 554
548 555
548 556
548 557
548 934
549 823
549 839
549 1209
549 1672
549 1673
549 1674
549 1675
549 1676
549 1677
549 1678
549 1679
549 826
549 1680
549 1670
549 1681
549 937
549 1684
549 1685
549 1687
549 1688
549 1690
549 1691
549 1117
549 1118
549 1695
549 1696
549 1697
549 1698
549 1699
549 1700
549 1701
549 1362
549 1702
549 1703
549 1705
549 1706
549 1707
549 1708
549 1711
549 1712
549 1713
549 827
549 1714
549 1164
549 1012
549 1715
549 1716
550 561
550 839
550 908
550 942
550 1105
550 1106
550 1144
550 1343
550 1487
550 1574
550 1663
550 1677
550 1886
550 1895
550 2000
550 2107
550 2108
550 2109
550 2110
550 2111
550 2112
550 2113
550 1169
550 2115
550 2117
550 2119
550 2120
550 2121
550 2122
550 2123
550 2124
550 2125
550 2127
550 2128
550 2129
550 2130
550 2131
550 2132
550 2133
550 2134
550 2135
550 2136
550 2137
550 2138
550 2139
550 2140
550 2141
550 2142
550 2143
550 2144
550 2145
550 2146
550 2147
550 2148
550 2149
550 2150
550 2152
550 2153
550 2154
550 1110
550 2155
550 2156
550 2157
550 2158
550 2159
550 2160
550 2161
550 2162
550 2163
550 2164
550 2165
550 2166
550 2168
550 2169
550 2170
550 2171
550 2172
550 2173
550 2174
550 2175
550 2176
550 2177
550 2178
550 2179
550 2180
550 2181
550 2182
550 2183
550 2184
550 2185
550 2187
550 2188
550 2189
550 2190
550 2191
550 2193
550 2194
550 2195
550 2196
550 2197
550 2198
550 2199
550 2200
550 2201
550 2202
550 2203
550 2204
550 2205
550 2206
550 2207
550 2208
550 2209
550 1258
550 2210
550 2211
550 2212
550 2213
550 2214
550 2215
550 2216
550 2217
550 2218
550 2219
550 2220
550 2221
550 2222
550 2223
550 2224
550 2225
550 2226
550 2227
550 2228
550 2229
550 2230
550 2231
550 2232
550 2233
550 2235
550 2237
550 2238
550 2239
550 2242
550 2243
550 2244
550 2245
550 2246
550 2247
550 2248
550 2249
550 2250
550 1667
550 2251
550 2252
550 2253
550 2254
550 2255
550 2256
550 2257
550 2258
550 2259
550 2260
550 2025
550 2261
550 2262
550 2263
550 2234
550 2264
550 2265
550 2266
550 2267
550 2268
550 2269
551 1628
551 2188
551 3073
552 934
552 939
553 672
553 934
553 1393
553 1515
553 937
553 1708
553 1866
553 2017
553 1380
553 2207
553 2279
553 3015
553 3044
553 3096
553 1966
553 2816
554 672
554 732
554 934
554 1393
554 1515
554 937
554 1708
554 1866
554 2017
554 1380
554 2207
554 2279
554 3015
554 3044
554 3096
554 1966
554 2816
555 1515
555 1866
555 798
555 2712
555 2717
555 2718
555 2720
555 2721
555 2722
555 2723
555 2724
555 2725
555 2726
555 2727
555 2737
555 2886
555 4216
556 934
556 939
556 603
556 937
556 938
556 3025
556 1110
556 894
557 934
557 939
557 867
557 570
558 559
558 560
558 3498
559 1461
559 1464
560 995
560 998
561 562
561 563
561 564
561 565
563 1678
564 1678
564 867
565 567
565 1378
565 1117
565 1575
567 568
567 569
567 570
567 571
567 572
567 573
568 788
568 839
568 1106
568 596
568 1995
568 1996
568 1997
568 1168
568 1998
568 1999
568 2000
568 2001
568 2002
568 2003
568 2004
569 839
569 1014
569 1109
569 1231
569 1273
569 1275
569 1646
569 937
569 1164
569 832
569 3024
569 3218
570 1155
570 1884
570 1953
571 840
571 783
571 612
571 1109
571 592
571 593
571 594
571 595
571 1116
571 596
571 1117
571 1118
571 1119
571 597
571 598
571 1112
571 600
571 1113
571 1120
571 1121
571 1122
571 601
571 606
572 704
572 1326
572 593
572 1117
572 1828
572 2661
572 2907
572 2970
572 600
572 3262
572 1527
572 1000
572 4061
572 3263
572 4078
572 4086
572 1364
572 4099
572 3042
572 1985
572 1986
572 4133
572 4241
572 4271
573 591
573 602
573 614
573 1109
573 1293
573 1294
573 1361
573 1117
573 1118
573 1362
573 1363
573 1120
573 1364
574 575
576 885
577 578
577 579
577 580
577 581
577 582
577 583
577 584
579 683
580 839
580 1396
580 1888
580 2661
580 1469
580 2763
580 598
580 2948
580 3770
580 2663
581 2661
583 2661
583 603
583 3905
584 852
586 3056
586 1122
586 1985
587 588
587 839
587 1109
587 1124
587 1125
587 1456
587 1487
587 1678
587 1679
587 937
587 2056
587 1311
587 2180
587 2184
587 3013
587 3015
587 3040
587 3043
587 3049
587 3196
587 4261
587 4268
587 2059
588 3201
589 590
589 602
589 607
589 609
589 610
589 604
589 611
589 612
589 613
589 614
589 615
590 591
590 592
590 593
590 594
590 595
590 596
590 597
590 598
590 599
590 600
590 601
591 592
591 595
591 4003
592 602
592 607
592 615
592 614
592 1317
592 1479
592 1480
592 1481
592 598
592 1482
592 1122
592 1364
593 599
593 596
594 596
595 598
595 596
596 602
596 607
596 615
596 852
596 783
596 799
596 608
596 1521
596 610
596 612
596 1317
596 1323
596 1359
596 605
596 1522
596 1523
596 1480
596 597
596 1481
596 598
596 1112
596 599
596 1524
596 1525
596 1482
596 1526
596 600
596 1113
596 1401
596 1527
596 1121
596 1122
596 601
596 606
596 1364
597 845
597 862
598 862
598 2811
598 599
598 4097
599 609
599 613
599 614
599 1479
599 600
599 1113
599 1121
599 4079
599 4222
600 783
600 862
600 605
601 852
601 783
601 862
601 2761
601 1521
601 2601
602 603
602 604
602 605
602 606
602 4098
602 4099
603 795
603 797
603 839
603 1292
603 1678
603 1999
603 2017
603 2065
603 3253
603 3867
603 3910
603 2663
603 3912
603 2816
603 3913
603 3914
603 3915
603 3916
603 3917
603 3918
603 3919
603 3920
603 3921
603 3922
603 3923
603 3924
603 3925
604 2631
605 1002
605 1361
605 1833
605 2166
605 3040
605 3043
605 3514
606 2631
606 783
607 608
608 1525
608 2832
608 2749
608 1482
608 1526
608 2831
609 4095
614 4098
614 4099
615 4095
618 619
619 2106
619 855
619 1923
620 621
620 622
620 623
620 627
620 629
620 639
620 644
620 2595
620 3471
621 623
621 625
621 637
621 644
621 816
621 2610
621 2633
621 3471
625 626
626 4203
629 630
629 631
629 632
629 633
629 1655
630 1414
630 1230
630 2763
630 2633
630 3853
631 1006
631 1658
631 3605
631 3919
631 4246
632 1655
633 1709
633 883
633 3471
639 640
639 641
639 642
639 643
641 644
643 644
643 788
643 1134
645 912
645 1005
645 1124
645 1252
645 3024
645 3049
645 3584
645 3695
661 2631
661 2106
669 2106
683 684
684 732
684 1006
684 2624
692 693
692 694
693 1363
694 2527
694 1363
695 696
696 728
696 839
696 1136
696 876
696 888
696 1336
696 880
696 1423
696 1451
696 1634
696 1646
696 1840
696 1863
696 2016
696 2017
696 2018
696 2279
696 2772
696 1182
696 3335
696 3338
696 3342
696 3348
696 3363
696 3723
698 699
699 4166
699 4168
699 4169
699 4167
699 4170
699 4171
699 4172
699 4173
699 4174
699 4175
699 4176
703 704
703 705
703 706
703 707
703 1912
703 2113
703 1913
703 3028
703 4069
703 4084
704 960
704 997
704 998
704 999
704 1000
704 1001
704 3498
706 1458
706 1459
706 1460
706 1461
706 3498
707 2662
707 4057
707 852
709 722
711 712
711 713
712 1014
712 832
712 2440
712 3853
714 715
715 1155
731 1155
732 733
732 734
734 847
743 1155
747 3691
771 1155
782 783
782 784
782 785
782 786
782 2058
782 2059
783 797
783 839
783 1125
783 1286
783 1356
783 1895
783 1933
783 1982
783 1983
783 2661
783 1469
783 2759
783 786
783 3040
783 3046
783 3262
783 3597
783 2816
783 4072
783 4073
783 1897
783 4075
783 4076
783 2734
783 3263
783 4077
783 4078
783 4079
783 4080
783 4081
783 4082
783 4083
783 4084
783 4085
783 4086
783 4087
783 4088
783 4089
783 4090
783 4092
783 1918
783 4093
783 4094
783 4095
783 4096
783 1364
783 4097
783 4098
783 4099
783 4100
783 4101
783 4102
783 1445
783 4103
783 1446
783 4104
783 4105
783 4106
783 4107
783 4108
783 1485
783 4109
783 3042
783 4110
783 4111
783 4112
783 4113
783 4114
783 2186
783 1036
783 4115
783 4116
783 2636
783 4117
783 4118
783 4120
783 4121
783 4122
783 4123
783 1984
783 1985
783 4128
783 4129
783 4130
783 4131
783 1986
783 4132
783 4133
783 4134
783 4119
783 4135
783 4136
783 4137
783 4138
783 4139
783 4141
783 4142
783 4143
783 4144
783 4145
784 839
784 1469
785 822
785 1547
785 1634
785 1646
785 3517
786 851
786 792
786 876
786 877
786 878
786 2059
787 2058
787 2059
788 789
788 790
788 791
788 792
788 793
788 794
789 1130
789 1134
789 793
789 2753
789 3063
790 806
790 896
790 1067
790 1123
790 1136
790 1139
790 1469
790 2753
791 1047
791 1168
792 839
792 1253
792 1368
792 1515
792 1520
792 3336
792 3338
792 1138
792 3348
793 806
793 1365
793 1585
793 2753
793 1142
794 1076
794 2753
795 796
796 839
796 1456
796 1487
796 2029
796 1265
796 2030
796 2031
796 2032
796 2033
796 2034
796 2035
796 2036
796 2037
796 2038
796 2039
796 2040
796 2041
796 2042
796 2043
796 2044
796 2045
796 2046
796 2047
796 2048
796 2049
796 1836
796 2050
796 2051
796 2052
796 2053
796 1380
796 2055
796 2056
796 1311
796 2060
796 1816
796 2061
796 2063
796 2064
796 2065
796 2066
797 798
797 799
797 800
797 801
797 802
797 803
797 804
797 805
798 934
798 1424
798 1425
798 1547
798 801
798 940
798 2709
798 2710
798 2711
798 2712
798 2713
798 2714
798 2715
798 2716
798 2717
798 2718
798 2719
798 1854
798 2720
798 2721
798 2722
798 2723
798 2724
798 2725
798 2726
798 2727
798 2728
798 2729
798 1030
798 2730
798 2731
798 1519
798 1481
798 2733
798 2735
798 2736
798 2737
798 2738
798 2740
798 2741
798 2742
798 2743
798 2744
798 2745
798 2746
798 2747
798 1394
798 2750
798 2751
798 2752
798 2753
798 2754
798 2755
798 2756
798 2757
798 2758
799 1125
799 1468
800 804
800 2747
801 1136
801 2712
801 2713
801 2714
801 2715
801 2716
801 2720
801 2721
801 2740
801 2750
801 2751
801 2752
801 2753
801 2754
802 4139
803 806
803 1468
803 2166
803 1469
803 935
803 3517
803 901
803 4110
804 935
804 805
805 935
805 3522
806 807
807 901
807 4221
815 1655
821 1155
821 2987
821 3139
821 1182
822 1109
823 824
823 825
823 826
823 827
823 828
823 829
823 830
823 831
823 832
823 833
823 834
823 835
823 836
823 837
823 838
826 1397
826 1670
827 1015
827 1463
827 1206
827 832
829 1125
829 1286
829 1515
829 1311
829 2262
829 1179
829 3864
829 4046
830 1125
830 852
830 2631
831 832
832 2103
832 1011
832 1026
832 1031
832 1032
832 1033
832 2104
832 2105
832 2106
832 1395
832 1036
833 845
833 1015
834 847
835 3685
836 951
837 1189
839 840
839 841
839 842
839 843
839 844
839 845
839 846
839 847
839 848
839 849
839 850
839 851
839 852
839 853
839 854
839 855
839 856
839 857
839 858
839 859
839 860
839 861
839 862
839 863
839 864
839 865
839 866
839 867
839 868
839 869
839 870
839 871
839 872
839 873
839 874
839 875
839 876
839 877
839 878
839 879
839 880
839 881
839 882
839 883
839 884
839 885
839 886
839 887
839 888
839 889
839 890
839 891
839 892
839 893
839 894
839 895
840 1159
840 1245
840 1246
840 1247
840 1248
840 1249
840 1250
840 1251
840 1252
840 1262
840 1273
840 1274
840 1275
840 1276
840 1277
840 1278
840 1279
840 1280
840 1160
840 1282
840 1285
840 1286
840 1289
840 1287
840 1291
840 1293
840 1294
840 1299
840 1300
840 1301
841 1132
841 1330
841 1331
841 1332
841 1334
841 1335
841 1336
841 1337
841 1338
841 1339
841 1340
841 1342
841 1343
841 1345
841 1347
841 1348
841 1349
841 1350
841 879
841 1253
841 1351
841 1254
842 884
842 2005
843 2298
844 2300
844 2302
844 2305
844 2307
845 1426
845 2640
845 2641
845 2642
845 2643
845 2644
845 2645
845 2646
845 1398
845 2647
845 2648
845 2649
845 2650
845 1837
845 2652
845 2653
845 2654
845 2655
845 2656
845 2657
845 1230
845 2658
845 2659
845 1197
845 2660
845 2661
845 2665
845 2666
845 2667
845 2668
845 2669
845 1441
846 2995
846 2996
846 2997
846 2998
847 1315
847 1516
847 3015
847 3064
847 3065
847 3066
847 3067
847 3068
847 3069
847 3070
847 3071
847 3072
847 3073
847 3074
847 3075
847 3076
847 3078
847 3079
847 3080
847 3081
847 3082
847 3083
847 3084
847 3085
847 3087
847 3088
847 3089
847 1176
847 3090
847 3091
847 3092
847 1381
847 3093
847 3094
847 3095
847 3096
847 3097
847 1382
847 3098
847 3086
847 1206
847 3099
847 2858
847 3100
847 1966
847 3101
847 3102
847 3103
847 3104
847 3105
847 3106
847 3107
847 3108
847 3109
847 3110
847 3111
847 3112
847 3113
847 3114
847 3116
847 3117
847 3118
847 3119
847 3120
847 3121
847 3122
847 3123
847 3124
847 3125
847 3126
847 3127
847 3128
847 3129
847 3130
847 3131
847 3132
847 3133
847 3134
847 3135
847 3136
847 3137
847 3138
848 1332
848 2016
848 2017
848 1264
848 3313
848 3314
848 3315
848 3316
848 3317
848 3318
848 1182
848 3319
848 3320
848 3321
848 3322
848 3323
848 3324
848 3325
848 3326
848 3327
848 3328
848 3329
848 3330
848 3331
848 3332
848 3333
848 3334
848 3335
848 3336
848 3337
848 3338
848 3339
848 3340
848 3341
848 3342
848 3343
848 1138
848 3344
848 3345
848 3346
848 3347
848 3348
848 3349
848 3350
848 3351
848 3352
848 3353
848 3354
848 3355
848 3356
848 3357
848 3358
848 3359
848 3360
848 3361
848 3362
848 3363
848 3364
848 3365
848 3366
848 3367
849 1483
849 1655
849 2004
849 3444
849 3445
849 3446
849 3447
850 1014
850 1294
850 1634
850 1785
850 3737
851 1696
851 3901
851 1671
851 1686
851 3902
851 3903
851 3904
851 3905
851 1035
851 1682
851 3906
851 3907
851 3908
851 3909
852 980
852 1359
852 1414
852 1166
852 1912
852 2661
852 1469
852 3296
852 3498
852 3939
852 3981
852 3217
852 3982
852 3983
852 3984
852 3985
852 3986
852 3987
852 3988
852 3990
852 998
852 3991
852 1575
852 3992
852 3989
852 3993
852 3994
852 3995
852 1527
852 3996
852 3997
852 1121
852 3998
852 3999
852 4000
852 4001
852 4002
852 4003
852 4004
852 4005
852 4006
852 4007
852 4008
852 4009
852 4010
852 4011
852 4012
852 999
852 4013
852 4014
852 4015
852 4016
852 1127
852 4017
852 4018
852 4019
852 4020
852 4021
852 4022
852 4023
852 4024
852 4025
852 4026
852 4027
852 4028
852 4029
852 4030
852 3494
852 4031
852 4032
852 4033
852 4034
852 4035
852 4036
852 4037
852 4038
852 1416
852 4039
852 4040
852 4041
852 4042
852 4043
852 4044
852 4045
852 4046
852 4047
852 3911
852 4048
852 4049
852 4050
852 4051
852 4052
852 4053
852 4054
852 4055
852 1122
852 1000
852 4056
852 2664
852 4057
852 4058
852 4059
852 4060
852 4061
852 4062
852 4063
852 4064
852 4065
852 4067
852 4068
852 1001
852 1193
852 4069
852 1914
852 4070
852 4071
853 2763
853 4177
853 4178
853 4179
853 1532
853 4181
853 4182
853 4183
853 4180
853 4184
853 4185
853 4186
853 4187
853 4188
853 4189
853 4190
853 4191
853 2167
854 1511
854 1649
854 895
854 1641
854 4208
854 4209
854 4210
854 4211
854 4212
854 3474
854 1931
854 4213
854 4214
854 3976
854 4216
855 1901
855 2702
855 2881
855 2987
855 4184
855 4217
855 4218
855 2851
855 1898
855 4219
855 4220
855 4221
855 4222
855 4223
855 4224
855 1450
855 4225
855 4226
855 4227
855 4228
855 2693
855 4229
855 4230
855 4231
855 4232
855 2637
855 4233
855 4234
855 4235
855 4236
855 4237
855 4238
855 4239
855 4240
855 4241
855 4242
855 4243
855 4244
855 4245
855 1689
855 4246
855 4247
855 4248
855 4249
855 4250
855 4251
855 4252
855 2638
855 4253
855 4254
855 4255
855 4256
855 4257
855 4258
855 4259
855 4260
855 2870
856 934
856 1109
856 1124
856 1487
856 2111
856 3044
856 3211
856 2693
857 1929
858 1709
860 1469
861 1469
861 2751
861 2749
861 2987
861 4246
862 1371
862 1372
862 880
862 3722
863 934
863 1109
863 1209
863 1454
863 1579
863 937
863 1708
863 2216
865 1679
865 1469
865 2632
865 3561
866 4110
867 908
867 934
867 1358
867 1678
867 937
867 1708
867 2416
868 934
868 1188
868 1913
868 2399
868 3095
868 3289
868 3584
868 3970
868 4224
869 1515
870 934
870 1518
870 4192
870 895
871 1006
871 2681
871 2763
871 2793
871 2805
873 1442
873 2706
873 3909
874 943
874 1125
874 1278
874 1513
874 1634
874 2605
874 1469
874 3279
874 3394
874 3961
874 4209
875 1241
875 4246
876 1328
876 1137
876 1253
876 1351
876 1138
876 3348
877 1329
877 1253
877 1351
877 1138
877 3348
878 1253
878 1351
878 1138
878 3348
879 1340
879 2999
880 1384
880 1385
880 1137
880 1379
880 1386
880 1387
880 1388
880 1389
880 1390
880 1391
880 1456
880 1515
880 2279
880 2631
880 1519
880 3015
880 3975
880 4076
880 4198
881 1125
881 1475
881 1582
881 1587
881 1634
881 3049
883 934
883 1123
883 1487
883 1678
883 1670
883 2117
883 2141
883 2142
883 2144
883 2159
883 1709
883 4101
885 956
885 959
885 1010
885 1227
885 1502
885 1234
885 1724
885 1728
885 1732
885 1733
885 1734
885 1225
885 1749
885 1752
885 1753
885 1756
885 1760
885 2019
885 1469
885 3855
886 1929
886 2901
886 2944
886 2987
886 4073
887 1372
887 2763
887 2959
887 4006
888 1353
888 2016
888 2279
888 1519
888 2947
888 3321
888 3322
888 1138
888 4158
888 895
888 3976
889 1456
889 1515
889 2279
889 2631
889 1519
889 3015
889 3975
889 4076
889 4198
891 1369
891 1417
891 2622
891 2624
891 3680
891 3723
891 4113
891 3976
892 1377
892 2823
893 3379
894 934
894 1109
894 1250
894 1277
894 1294
894 1263
894 1632
894 1661
894 1297
894 2432
894 2605
894 2624
894 1469
894 2686
894 2719
894 2763
894 2987
894 3394
894 3670
894 4162
895 1456
895 1515
895 2279
895 2631
895 1519
895 3015
895 3975
895 4076
895 4198
896 897
896 898
896 899
896 900
896 901
896 908
897 900
897 903
897 905
897 907
897 908
897 3240
898 900
898 905
898 907
898 3240
899 903
900 902
900 908
901 908
901 935
901 2301
901 3522
902 1674
902 2300
902 2756
902 2759
902 2778
902 2822
902 3528
902 3532
902 4110
902 4113
902 1036
902 4116
903 904
904 1503
904 2631
905 906
908 909
908 910
908 911
909 2128
909 2141
909 1110
909 1469
910 914
910 1002
910 1286
910 1343
910 1355
910 1263
910 1814
910 2000
910 2115
910 2117
910 2119
910 2120
910 2121
910 2122
910 2125
910 2128
910 2129
910 2130
910 2131
910 2132
910 2133
910 2134
910 2135
910 2137
910 2138
910 2139
910 2140
910 2141
910 2142
910 2143
910 2144
910 2145
910 2146
910 2149
910 2150
910 2152
910 2153
910 1110
910 2157
910 2158
910 2159
910 2187
910 2599
910 2605
910 2609
910 2610
910 2684
910 3054
910 3466
910 3471
911 935
912 913
913 1335
913 1253
913 1351
913 2013
913 2726
913 3322
913 1138
913 3963
914 915
934 935
934 936
934 937
934 938
934 939
934 940
934 941
935 1393
935 1895
935 2206
935 3515
935 3516
935 3517
935 3518
935 3519
935 3520
935 2614
935 3521
935 1471
935 3523
935 3524
935 3525
935 3526
935 3527
935 3528
935 3529
935 1896
935 3530
935 3531
935 3532
935 3213
935 3533
935 3534
935 3535
935 1694
936 1498
936 1962
936 1520
936 3922
937 2170
938 2170
940 2720
940 2738
940 2742
940 2750
940 2751
940 2752
940 2753
941 1015
943 944
944 1101
944 1216
944 1024
944 1754
944 1817
944 1888
944 2004
944 2198
944 2521
944 2793
944 1966
950 951
951 2040
951 3048
951 3738
951 3739
951 3740
951 3741
951 3742
951 3743
951 3744
951 3745
951 2634
951 1186
951 3746
951 3747
951 3748
951 3749
951 3750
951 3751
951 3752
951 3753
951 3754
951 3755
951 3756
951 3757
951 3758
951 3759
951 3760
951 3761
951 3762
951 3763
951 3764
951 3765
951 3766
951 3767
951 3768
951 3769
951 3770
951 3771
951 3772
951 3773
951 3774
951 3775
951 3776
951 3777
951 3778
951 3779
951 3780
951 3781
951 3782
951 3783
951 3784
951 3785
951 3786
951 3787
951 3788
951 3789
951 3790
951 3791
951 3792
951 3793
951 3795
951 3796
951 3797
951 3798
951 3799
951 3800
951 3801
951 3802
951 3803
951 3804
951 3805
951 3806
951 3807
951 3808
951 3809
951 1034
951 3810
951 3811
951 3812
951 3813
951 3814
951 3815
951 1187
951 3816
951 3817
951 3818
951 3819
951 3820
951 3821
951 3822
951 3823
951 3824
951 3825
951 3826
951 3827
951 3828
951 3829
951 3830
951 3831
951 3832
951 3833
951 3834
951 2091
951 2635
951 3835
951 3836
951 2026
951 3837
951 3838
951 3839
951 3840
951 3841
951 3842
951 1003
951 3843
951 3844
951 3845
951 3846
951 3847
951 3848
951 3849
951 3850
956 957
956 958
957 1724
957 1735
957 1739
957 3843
959 960
959 961
959 962
959 963
959 964
959 965
959 966
959 967
960 1233
960 1670
960 1708
960 2020
960 2023
960 2168
960 2180
960 3040
960 3848
960 2059
961 1010
961 1231
961 1235
961 3855
963 1233
963 1235
967 1238
969 970
969 971
971 1015
971 1831
980 981
984 985
988 1262
994 995
995 1912
995 1000
995 3502
997 1912
997 3266
997 3983
999 3289
999 4062
1002 1003
1002 1655
1003 3017
1008 1014
1010 1011
1010 1012
1011 1014
1011 1037
1011 1209
1011 1231
1011 1164
1011 1225
1011 2421
1011 3840
1011 3857
1014 1015
1014 1016
1014 1017
1014 1018
1014 1019
1014 1020
1014 1021
1014 1022
1014 1023
1014 1024
1014 1025
1014 1026
1014 1027
1014 1028
1014 1029
1014 1030
1014 1031
1014 1032
1014 1033
1014 1034
1014 1035
1014 1036
1015 1164
1015 1952
1015 2295
1015 2308
1015 2644
1015 3536
1015 3537
1015 3538
1015 3539
1015 3540
1015 3541
1015 3542
1015 3543
1015 3544
1015 3545
1015 3546
1015 3547
1015 3548
1015 3549
1015 3550
1015 3551
1015 3552
1015 3553
1015 3554
1015 3555
1015 3556
1015 3557
1015 3558
1015 3559
1015 3560
1015 3561
1015 3562
1015 3563
1015 3564
1015 3565
1015 3566
1015 3567
1015 3568
1015 3569
1015 3570
1015 3571
1015 3572
1015 3573
1015 3574
1015 3576
1015 1269
1015 3577
1015 3578
1015 1759
1015 3579
1015 3580
1015 3581
1015 3582
1015 3583
1015 3584
1015 3585
1015 3586
1015 3587
1015 1704
1015 3588
1015 3589
1015 3590
1015 3591
1015 3592
1015 3593
1015 3594
1015 3448
1015 3595
1015 3575
1015 3596
1015 2116
1015 3597
1015 3598
1015 3599
1015 3600
1015 2296
1015 3601
1015 3602
1015 3603
1015 3604
1015 3605
1015 3606
1015 1399
1015 3607
1015 3608
1015 3609
1015 3610
1015 3611
1015 3612
1015 3614
1015 3615
1015 3616
1015 3617
1015 3618
1015 3619
1015 3620
1015 3621
1015 3622
1015 3623
1015 3613
1015 3624
1015 3625
1015 3626
1015 3627
1015 3629
1015 1400
1015 3630
1015 3631
1015 3632
1015 1184
1015 3633
1015 3634
1015 3628
1015 3635
1015 3636
1015 3637
1015 3638
1015 3639
1015 3115
1015 1185
1015 3640
1015 3641
1015 3642
1015 3643
1015 3644
1015 3645
1015 3646
1016 2235
1016 2440
1016 3506
1017 1149
1017 3643
1017 2466
1017 3922
1018 1853
1018 3071
1018 3857
1019 2611
1020 2611
1021 3853
1022 1231
1023 1475
1023 1632
1023 1785
1026 1227
1026 2067
1026 1971
1026 2070
1026 2546
1026 3855
1026 3975
1027 1842
1031 1895
1031 1896
1032 1231
1032 3855
1033 1227
1033 2631
1033 3853
1035 2754
1036 1895
1036 1896
1036 1240
1036 1256
1039 1188
1039 1476
1039 1477
1039 1515
1039 1516
1039 2344
1039 2429
1039 1520
1045 2336
1047 1168
1052 1053
1057 4203
1076 4203
1077 1078
1079 4203
1086 1367
1086 2617
1088 1089
1088 1090
1090 1134
1090 1203
1090 2490
1090 2474
1090 2491
1090 2493
1090 2494
1094 1454
1095 1096
1096 1367
1097 2631
1097 2106
1103 1104
1104 1996
1104 2004
1104 2298
1109 1110
1109 1111
1109 2160
1109 3057
1109 1694
1111 2083
1112 2137
1112 2631
1113 2137
1113 2631
1113 3144
1114 1358
1114 2124
1114 1170
1114 3451
1117 1152
1117 1396
1117 1692
1117 1693
1117 1694
1117 2160
1117 3057
1120 1294
1120 1363
1120 3213
1120 3948
1120 1189
1120 1575
1122 1665
1125 1126
1125 1127
1126 1515
1130 1131
1130 4203
1131 1515
1131 2164
1131 1648
1131 2059
1132 4203
1136 1137
1136 1138
1137 1336
1137 1423
1137 1451
1137 1840
1137 1863
1137 2016
1137 2017
1137 3335
1137 3338
1137 1138
1137 3348
1140 1141
1140 1142
1140 1143
1141 2614
1141 4203
1142 1958
1142 1368
1142 4203
1143 4203
1144 2631
1144 2106
1149 2298
1150 2631
1151 1152
1152 1655
1152 1906
1152 4203
1155 1156
1155 1157
1155 1158
1155 1159
1155 1160
1155 1161
1155 1162
1155 1163
1155 1164
1155 1165
1155 1166
1155 1167
1155 1168
1155 1169
1155 1170
1155 1171
1155 1172
1155 1173
1155 1174
1155 1175
1155 1176
1155 1177
1155 1178
1155 1179
1155 1180
1155 1181
1155 1182
1155 1183
1155 1184
1155 1185
1155 1186
1155 1187
1156 2360
1156 4171
1161 1539
1165 1476
1165 1477
1167 1252
1170 2639
1173 2303
1178 3213
1179 3252
1179 2106
1183 3379
1188 1189
1188 1190
1188 1191
1188 1192
1188 1193
1189 1414
1189 2581
1189 3948
1189 3949
1189 3950
1189 3472
1189 1298
1189 3473
1189 3951
1189 3952
1189 3953
1189 3954
1189 3955
1189 3956
1189 3957
1189 3958
1189 3959
1189 3960
1189 3961
1189 3962
1189 3963
1189 3964
1189 1633
1189 3965
1189 3966
1189 3967
1189 3968
1189 3969
1189 1374
1189 1510
1189 1477
1189 3970
1189 1659
1189 1192
1189 3971
1189 3972
1189 3973
1189 3974
1189 3975
1189 1198
1190 1192
1191 3973
1193 1286
1193 1345
1193 1465
1193 1912
1193 1964
1193 3028
1193 3498
1193 1694
1193 3975
1193 3986
1193 4084
1193 4261
1195 1196
1195 1197
1195 1198
1196 2358
1196 2454
1196 2455
1196 2456
1196 2457
1196 2458
1196 2459
1196 2460
1196 2461
1196 2462
1196 2463
1196 2464
1196 2465
1196 2467
1196 2468
1196 2469
1196 2470
1196 2471
1196 2472
1196 2473
1198 3977
1198 3153
1203 1204
1203 1205
1203 1206
1209 1210
1209 2631
1209 2106
1210 1231
1210 2632
1210 3044
1210 3872
1215 1216
1223 3870
1225 1748
1227 1228
1227 1229
1227 1230
1228 1855
1228 1863
1228 2063
1229 1231
1229 1995
1229 3928
1229 3963
1231 1232
1233 1234
1234 1721
1234 1722
1234 1723
1234 2021
1234 2022
1234 2020
1234 2023
1234 2024
1238 1239
1240 1674
1240 2300
1240 2756
1240 2759
1240 3528
1240 3532
1240 4110
1240 4113
1240 4116
1241 1242
1242 2706
1242 2754
1243 1244
1248 1250
1248 1277
1252 1253
1252 1254
1252 1255
1252 1256
1252 1257
1252 1258
1252 1259
1252 1260
1252 1261
1253 1332
1253 1342
1253 1345
1253 1347
1254 1332
1254 1342
1254 1345
1254 1347
1254 1341
1256 1264
1256 2687
1256 3529
1256 2186
1257 1895
1260 1426
1260 1491
1262 1263
1262 1264
1262 1265
1262 1266
1262 1267
1262 1268
1262 1269
1262 1270
1262 1271
1262 1272
1263 1268
1264 1333
1264 1387
1270 3685
1280 1281
1281 3379
1283 1402
1283 1404
1283 1410
1283 1564
1283 2779
1283 3647
1283 3648
1283 3649
1283 3650
1283 3651
1283 3652
1283 3653
1283 3654
1283 3655
1283 3656
1283 3657
1283 3658
1283 1406
1283 3659
1283 3660
1283 3661
1283 3662
1283 3663
1283 3664
1283 3665
1283 3666
1283 3667
1283 3668
1283 3669
1283 3670
1283 3671
1283 3672
1283 1401
1283 3673
1283 3674
1283 2695
1283 3676
1283 3677
1283 3679
1283 3680
1283 3681
1283 3682
1283 3683
1283 3684
1286 1287
1286 1288
1286 2631
1286 2106
1287 1291
1289 1290
1291 1292
1292 1377
1292 1709
1292 2816
1292 3915
1294 1295
1294 1296
1294 1297
1294 1298
1296 1374
1298 3719
1298 3950
1302 1492
1302 2622
1303 1492
1303 2622
1306 2739
1306 1385
1306 1387
1307 2631
1307 2303
1307 1385
1307 2929
1310 1311
1310 1312
1310 1313
1310 1314
1311 1708
1311 2048
1311 2057
1311 2058
1311 2059
1311 2169
1311 3040
1312 1708
1312 2169
1312 3040
1312 3005
1312 2059
1313 3175
1314 1708
1314 2169
1314 3040
1314 2059
1315 1647
1315 1648
1316 1317
1316 1323
1317 4271
1318 1319
1319 1983
1323 2631
1326 1327
1328 3348
1329 2130
1332 1333
1332 1340
1332 1347
1333 2006
1333 2007
1333 2008
1333 2009
1333 2010
1333 2011
1333 2012
1333 2013
1333 2014
1333 2015
1333 2016
1333 2017
1333 2018
1334 1340
1335 1340
1336 1340
1337 1340
1338 1340
1340 1341
1341 1342
1341 1345
1341 1348
1342 1345
1343 1344
1344 2172
1345 1346
1346 2858
1355 1709
1356 1393
1361 3948
1361 3950
1363 1511
1363 1373
1363 2581
1363 3303
1363 3472
1363 3473
1363 3474
1372 1373
1372 1374
1373 1580
1373 1679
1373 2044
1373 2046
1373 1816
1373 2061
1373 2065
1373 2033
1373 2076
1373 2081
1373 2082
1373 2085
1373 2087
1373 2090
1373 2094
1373 2521
1373 2563
1373 2568
1374 1655
1374 1476
1374 1477
1375 1708
1378 1379
1378 1380
1378 1381
1378 1382
1378 1383
1379 1475
1379 1546
1379 1457
1379 2077
1379 2841
1379 1648
1379 4192
1380 1475
1380 1388
1380 2054
1381 2631
1382 3926
1384 3525
1385 3723
1385 4076
1386 1502
1386 1752
1386 1753
1386 1754
1386 1920
1386 2622
1386 1442
1386 2681
1386 2689
1386 2978
1386 1422
1386 3961
1387 1392
1387 1501
1387 1632
1387 1855
1387 2013
1387 2016
1387 2017
1387 2279
1387 2727
1387 3321
1387 3337
1387 3338
1387 3362
1387 3723
1387 3963
1387 1641
1388 1515
1388 1866
1388 2279
1388 1520
1388 3079
1388 3100
1388 1966
1388 3793
1390 1519
1390 3976
1391 1475
1391 2416
1391 2841
1391 1867
1391 3016
1393 1394
1393 1395
1394 2738
1394 2749
1395 1564
1395 2627
1395 2646
1395 3498
1395 4237
1396 3224
1396 3213
1397 1398
1397 1399
1397 1400
1397 1401
1397 1669
1398 3218
1399 1670
1399 1909
1400 1670
1401 1655
1401 2078
1401 3212
1401 3220
1401 4082
1401 4203
1402 1403
1403 3154
1404 1405
1404 1406
1405 3707
1406 1930
1406 1449
1414 1415
1414 1416
1416 3939
1416 4029
1416 4030
1417 1418
1417 1419
1417 1420
1417 1421
1417 1422
1419 1426
1419 1492
1426 1427
1426 1428
1426 1429
1426 1430
1426 1431
1426 1432
1426 1433
1426 1434
1426 1435
1426 1436
1426 1437
1426 1438
1426 1439
1426 1440
1426 1441
1426 1442
1426 1443
1426 1444
1426 1445
1426 1446
1426 1468
1427 1491
1428 1491
1440 1491
1441 1491
1442 1491
1442 2675
1442 1933
1442 1683
1443 1491
1443 2303
1443 2761
1444 1491
1448 1449
1448 1450
1448 1468
1449 3673
1450 4248
1455 2631
1455 2106
1456 1457
1457 1475
1457 1866
1457 1816
1457 3071
1457 3076
1457 3081
1457 3095
1457 3123
1457 3016
1458 3922
1460 3049
1461 3496
1462 1463
1462 3911
1463 1752
1463 3911
1468 1469
1468 1470
1468 1471
1469 1491
1469 1681
1469 2658
1469 2670
1469 2671
1469 2672
1469 1471
1469 2673
1469 2674
1471 2303
1472 1515
1472 1516
1473 1474
1474 1515
1474 1516
1474 1863
1474 1952
1474 2436
1474 3126
1476 1632
1476 1785
1476 3865
1476 1507
1477 1632
1477 1785
1477 3865
1481 2631
1482 1525
1484 1485
1484 4271
1485 4271
1490 1646
1490 3024
1493 1494
1503 2187
1504 1515
1505 1506
1505 1507
1505 1511
1506 1508
1506 1511
1506 3955
1507 1509
1507 1632
1507 1785
1507 3863
1507 1641
1508 3031
1509 1510
1513 2090
1515 1516
1515 1517
1515 1518
1515 1519
1515 1520
1516 1520
1516 3015
1518 2279
1519 2279
1519 1668
1519 2054
1519 2732
1525 2831
1527 4063
1530 1531
1530 1532
1531 4184
1531 4191
1532 2764
1532 4180
1532 4184
1532 4191
1546 1547
1546 1548
1546 1549
1546 1550
1546 1551
1558 3866
1560 1561
1560 1562
1561 1594
1561 1662
1562 2694
1574 1575
1575 2106
1575 1913
1577 1666
1583 1665
1590 2754
1596 2713
1596 2800
1596 4246
1600 1603
1600 1604
1600 1619
1603 1632
1611 1613
1627 1628
1630 1631
1632 1633
1632 1833
1632 2291
1632 3963
1632 1641
1632 4209
1634 1635
1634 1636
1634 1637
1634 1638
1634 1639
1634 1640
1634 1641
1635 1864
1635 2082
1635 2525
1635 3889
1636 3737
1638 1641
1639 1661
1639 2027
1639 3680
1640 1778
1640 1785
1640 3963
1640 1641
1646 1647
1646 1648
1647 3024
1647 3685
1648 3024
1648 1815
1655 1656
1655 1657
1655 1658
1655 1659
1655 1708
1659 3975
1663 3238
1665 1666
1665 1667
1665 1668
1669 1670
1671 1696
1671 1705
1671 3559
1671 3592
1671 1686
1673 3597
1681 1682
1681 1683
1682 1930
1683 3905
1685 1686
1686 1705
1686 3559
1686 3592
1688 1689
1693 3227
1694 3225
1703 1704
1704 1803
1704 3591
1704 3592
1708 1709
1708 1710
1709 2529
1709 1814
1709 1816
1709 2530
1709 2531
1722 1735
1722 3848
1723 3842
1735 1736
1736 3843
1745 1746
1758 1759
1763 1764
1785 3863
1800 1801
1806 2358
1808 2853
1808 4076
1809 3060
1814 1815
1814 1816
1815 1855
1815 2061
1815 3715
1815 3716
1815 3717
1815 3718
1815 3719
1815 3720
1815 3721
1815 3722
1815 3723
1815 3724
1815 3725
1815 3726
1815 2673
1815 3727
1815 3729
1815 3730
1815 3731
1815 3732
1815 3733
1815 3734
1815 3735
1815 3736
1826 2631
1828 2830
1830 1831
1831 2119
1831 2131
1831 2148
1835 1836
1835 1837
1836 2443
1837 2651
1845 1846
1850 2203
1853 1854
1854 2721
1854 3338
1855 1856
1856 3963
1859 1860
1866 1867
1866 1868
1867 2279
1867 3015
1867 3091
1867 3942
1867 3016
1875 1876
1876 3736
1884 1885
1885 2004
1895 1896
1895 1897
1895 1898
1898 2187
1898 4112
1898 2303
1900 2185
1908 1909
1909 3577
1909 3597
1909 3608
1909 3622
1909 3623
1912 1913
1912 1914
1913 1964
1914 1964
1917 1918
1917 3215
1922 1923
1929 1930
1929 1931
1930 2016
1930 2731
1930 2763
1930 3498
1930 3517
1935 2661
1935 2765
1937 1946
1945 1946
1949 2106
1955 1956
1956 3853
1956 3857
1957 1958
1958 2681
1958 2687
1958 3215
1958 4162
1964 1965
1964 1966
1964 4261
1966 2631
1966 2106
1970 1971
1971 2188
1983 1984
1983 1985
1983 1986
1984 4134
1989 1990
1990 1992
1990 2078
1990 2787
1990 3471
2016 3362
2024 2025
2024 2026
2033 2090
2035 2557
2041 2816
2050 2631
2058 3002
2058 3005
2058 3180
2059 3002
2059 3184
2068 2069
2068 2366
2069 2366
2070 2071
2071 2366
2072 2073
2082 2083
2085 2086
2090 2091
2097 2421
2101 2530
2102 2524
2103 3702
2103 2104
2103 2105
2103 3703
2103 3704
2103 3678
2103 3705
2103 3706
2103 3707
2103 3708
2103 3709
2103 3710
2103 3711
2103 3712
2103 3713
2103 3714
2106 2154
2106 2216
2106 2223
2106 2226
2106 2233
2106 2256
2106 2264
2106 2323
2106 2632
2106 3054
2106 3859
2106 2870
2113 2114
2115 2116
2116 3575
2117 2118
2125 2126
2126 2127
2140 3213
2150 2151
2151 3870
2166 2167
2168 3220
2185 2186
2191 2192
2192 3213
2223 2346
2233 2234
2234 2235
2234 2246
2235 2236
2239 2240
2239 2241
2240 2346
2240 2363
2240 2371
2240 2387
2240 2401
2240 2412
2240 2418
2240 2443
2241 2592
2256 2631
2271 2272
2271 2273
2272 3091
2286 3976
2295 2296
2298 2299
2299 2474
2300 2301
2301 2976
2301 2986
2301 3056
2301 4075
2301 4180
2302 2303
2302 2304
2303 2305
2303 4149
2304 2305
2305 2306
2305 2754
2323 2631
2328 2329
2328 2468
2328 3215
2338 2339
2338 2340
2366 2367
2366 2368
2447 2448
2449 2450
2465 2466
2466 3685
2474 2475
2474 2476
2474 2477
2474 2478
2474 2479
2474 2480
2474 2481
2474 2482
2474 2483
2474 2484
2474 2485
2474 2486
2474 2487
2474 2488
2474 2489
2474 2490
2474 2491
2474 2492
2474 2493
2474 2494
2474 2495
2474 2496
2474 2497
2474 2498
2474 2499
2474 2500
2474 2501
2474 2502
2474 2503
2474 2504
2474 2505
2474 2506
2474 2507
2474 2508
2474 2509
2474 2510
2474 2511
2474 2512
2474 2513
2474 2514
2474 2515
2474 2516
2474 2517
2474 2518
2474 2519
2474 2520
2529 3466
2532 2533
2532 2534
2548 2549
2581 3950
2590 2592
2591 2592
2599 2600
2599 2601
2600 3446
2601 2733
2601 3492
2602 2631
2605 2606
2606 3460
2606 3461
2617 2618
2618 3604
2631 2632
2631 2633
2631 2634
2631 2635
2631 2636
2631 2637
2631 2638
2632 2693
2651 3891
2661 2662
2661 2663
2661 2664
2661 3911
2662 2970
2662 3493
2662 3719
2662 3994
2662 4069
2662 4085
2663 3911
2664 3498
2664 2810
2664 2970
2666 3008
2667 3866
2672 3379
2673 2754
2680 3866
2694 2695
2698 2699
2699 3888
2706 2707
2707 3665
2707 4162
2709 3922
2714 2724
2726 2727
2733 2734
2738 2739
2739 3063
2739 3510
2739 3511
2739 3512
2739 3513
2739 3514
2743 3605
2747 2748
2749 2833
2753 4203
2759 3528
2761 2934
2763 2764
2784 2785
2797 2798
2810 2811
2810 4049
2810 4085
2811 3512
2815 2816
2823 3657
2850 2851
2850 2865
2850 2866
2850 2898
2850 4245
2850 2870
2851 2888
2851 2898
2851 3261
2851 4223
2858 3015
2864 2898
2924 2940
2929 3322
2970 4049
2970 4085
3013 3014
3015 3016
3021 3022
3021 3023
3028 3029
3040 3041
3040 3042
3041 3200
3041 3042
3042 4092
3043 4271
3049 3050
3054 3055
3054 3056
3055 3978
3056 3978
3076 3077
3076 3110
3077 3095
3085 3086
3114 3115
3115 3539
3144 3878
3151 3152
3154 3155
3156 3157
3156 3158
3156 3159
3156 3160
3156 3165
3157 3160
3157 3162
3157 3163
3157 3212
3158 3159
3189 3190
3189 3191
3189 3192
3212 3213
3215 3216
3215 3217
3216 4189
3227 3231
3244 3245
3244 3246
3244 3247
3244 3248
3255 3256
3261 4241
3262 3263
3265 3267
3289 3290
3296 3297
3297 4003
3300 3306
3335 3338
3377 3378
3379 3380
3379 3381
3379 3382
3379 3383
3379 3384
3379 3385
3379 3386
3379 3387
3379 3388
3379 3389
3379 3390
3379 3391
3379 3392
3379 3393
3379 3394
3379 3395
3379 3396
3379 3397
3379 3398
3379 3399
3379 3400
3379 3401
3379 3402
3379 3403
3379 3404
3379 3405
3379 3406
3379 3407
3379 3408
3379 3409
3379 3410
3379 3411
3379 3412
3379 3413
3379 3414
3379 3415
3379 3416
3379 3417
3379 3418
3379 3419
3379 3420
3379 3421
3379 3422
3379 3423
3379 3424
3379 3425
3379 3426
3379 3427
3379 3428
3379 3429
3379 3430
3379 3431
3379 3432
3379 3433
3379 3434
3379 3435
3379 3436
3379 3437
3387 3431
3407 3409
3408 3409
3438 3439
3438 3440
3438 3441
3438 3443
3441 3442
3442 3443
3448 3453
3448 3455
3448 3458
3455 3456
3455 3457
3456 3458
3462 3463
3493 3494
3494 3504
3494 4027
3494 4030
3494 4031
3494 4033
3495 3498
3496 3498
3528 3529
3559 3598
3559 3632
3574 3575
3575 3597
3575 3599
3575 3600
3577 3609
3612 3613
3613 3623
3626 3627
3627 3628
3630 3633
3644 3864
3674 3675
3677 3678
3685 3686
3685 3687
3685 3688
3685 3689
3685 3690
3685 3691
3685 3692
3685 3693
3685 3694
3685 3695
3685 3696
3685 3697
3685 3698
3685 3699
3685 3700
3685 3701
3727 3728
3728 4246
3793 3794
3851 3852
3866 3867
3870 3871
3876 3877
3877 3922
3940 3941
3975 3976
3976 4215
3978 3979
3978 3980
3986 4057
3988 3989
4001 4002
4065 4066
4073 4074
4073 4090
4090 4091
4091 4226
4091 4231
4092 4136
4092 4271
4118 4119
4123 4124
4123 4125
4123 4126
4123 4127
4139 4140
4166 4167
4166 4168
4174 4175
4203 4204
4206 4207
